(0.000000,0.000000): -263.150392 -264.685572 -299.940752 -281.548132
(0.250000,0.000000): -198.760519 -214.669091 -220.169101 -231.467902
(0.500000,0.000000): -100.000000 -137.600000 -161.788656 -159.008415
(0.750000,0.000000): 0.000000 0.000000 0.000000 0.000000
(1.000000,0.000000): 0.000000 0.000000 0.000000 0.000000
(1.250000,0.000000): 0.000000 0.000000 0.000000 0.000000
(1.500000,0.000000): 0.000000 0.000000 0.000000 0.000000
(1.750000,0.000000): 0.000000 0.000000 0.000000 0.000000
(2.000000,0.000000): 0.000000 0.000000 0.000000 0.000000
(2.250000,0.000000): 0.000000 0.000000 0.000000 0.000000
(2.500000,0.000000): 0.000000 0.000000 0.000000 0.000000
(2.750000,0.000000): 0.000000 0.000000 0.000000 0.000000
(3.000000,0.000000): 0.000000 0.000000 0.000000 0.000000
(3.250000,0.000000): 0.000000 0.000000 0.000000 0.000000
(3.500000,0.000000): 0.000000 0.000000 0.000000 0.000000
(3.750000,0.000000): 0.000000 0.000000 0.000000 0.000000
(4.000000,0.000000): 0.000000 0.000000 0.000000 0.000000
(0.000000,0.250000): -263.023141 -210.447683 -253.990692 -247.313073
(0.250000,0.250000): -184.166552 -170.875580 -255.819448 -240.232561
(0.500000,0.250000): -80.000000 -67.109141 -165.456825 -196.487832
(0.750000,0.250000): 0.000000 0.000000 0.000000 0.000000
(1.000000,0.250000): 0.000000 0.000000 0.000000 0.000000
(1.250000,0.250000): 0.000000 0.000000 0.000000 0.000000
(1.500000,0.250000): 0.000000 0.000000 0.000000 0.000000
(1.750000,0.250000): 0.000000 0.000000 0.000000 0.000000
(2.000000,0.250000): 0.000000 0.000000 0.000000 0.000000
(2.250000,0.250000): 0.000000 0.000000 0.000000 0.000000
(2.500000,0.250000): 0.000000 0.000000 0.000000 0.000000
(2.750000,0.250000): 0.000000 0.000000 0.000000 0.000000
(3.000000,0.250000): 0.000000 0.000000 0.000000 0.000000
(3.250000,0.250000): 0.000000 0.000000 0.000000 0.000000
(3.500000,0.250000): 0.000000 0.000000 0.000000 0.000000
(3.750000,0.250000): 0.000000 0.000000 0.000000 0.000000
(4.000000,0.250000): 0.000000 0.000000 0.000000 0.000000
(0.000000,0.500000): -169.219590 -179.143009 -182.877589 -259.012486
(0.250000,0.500000): -94.090073 -75.300136 -158.713330 -149.390496
(0.500000,0.500000): -38.209946 -64.684024 -155.310167 0.000000
(0.750000,0.500000): -36.878178 0.000000 0.000000 0.000000
(1.000000,0.500000): -35.608988 0.000000 0.000000 0.000000
(1.250000,0.500000): -34.409301 0.000000 0.000000 0.000000
(1.500000,0.500000): -33.286634 0.000000 0.000000 0.000000
(1.750000,0.500000): -32.249031 0.000000 0.000000 0.000000
(2.000000,0.500000): -31.304952 0.000000 0.000000 0.000000
(2.250000,0.500000): -30.463092 0.000000 0.000000 0.000000
(2.500000,0.500000): -80.000000 0.000000 0.000000 0.000000
(2.750000,0.500000): 0.000000 0.000000 0.000000 0.000000
(3.000000,0.500000): 0.000000 0.000000 0.000000 0.000000
(3.250000,0.500000): 0.000000 0.000000 0.000000 0.000000
(3.500000,0.500000): 0.000000 0.000000 0.000000 0.000000
(3.750000,0.500000): 0.000000 0.000000 0.000000 0.000000
(4.000000,0.500000): 0.000000 0.000000 0.000000 0.000000
(0.000000,0.750000): -67.210028 -117.133497 -89.622276 -164.358688
(0.250000,0.750000): -38.209946 -38.418745 -89.622276 0.000000
(0.500000,0.750000): -36.769553 -36.878178 0.000000 0.000000
(0.750000,0.750000): -35.383612 0.000000 0.000000 0.000000
(1.000000,0.750000): -34.058773 0.000000 0.000000 0.000000
(1.250000,0.750000): -32.802439 0.000000 0.000000 0.000000
(1.500000,0.750000): -31.622777 0.000000 0.000000 0.000000
(1.750000,0.750000): -80.000000 0.000000 0.000000 0.000000
(2.000000,0.750000): 0.000000 0.000000 0.000000 0.000000
(2.250000,0.750000): 0.000000 0.000000 0.000000 0.000000
(2.500000,0.750000): 0.000000 0.000000 0.000000 0.000000
(2.750000,0.750000): 0.000000 0.000000 0.000000 0.000000
(3.000000,0.750000): 0.000000 0.000000 0.000000 0.000000
(3.250000,0.750000): 0.000000 0.000000 0.000000 0.000000
(3.500000,0.750000): 0.000000 0.000000 0.000000 0.000000
(3.750000,0.750000): 0.000000 0.000000 0.000000 0.000000
(4.000000,0.750000): 0.000000 0.000000 0.000000 0.000000
(0.000000,1.000000): -96.018745 -38.832976 0.000000 0.000000
(0.250000,1.000000): -80.000000 -80.000000 0.000000 0.000000
(0.500000,1.000000): -80.000000 0.000000 0.000000 0.000000
(0.750000,1.000000): 0.000000 0.000000 0.000000 0.000000
(1.000000,1.000000): 0.000000 0.000000 0.000000 0.000000
(1.250000,1.000000): 0.000000 0.000000 0.000000 0.000000
(1.500000,1.000000): 0.000000 0.000000 0.000000 0.000000
(1.750000,1.000000): 0.000000 0.000000 0.000000 0.000000
(2.000000,1.000000): 0.000000 0.000000 0.000000 0.000000
(2.250000,1.000000): 0.000000 0.000000 0.000000 0.000000
(2.500000,1.000000): 0.000000 0.000000 0.000000 0.000000
(2.750000,1.000000): 0.000000 0.000000 0.000000 0.000000
(3.000000,1.000000): 0.000000 0.000000 0.000000 0.000000
(3.250000,1.000000): 0.000000 0.000000 0.000000 0.000000
(3.500000,1.000000): 0.000000 0.000000 0.000000 0.000000
(3.750000,1.000000): 0.000000 0.000000 0.000000 0.000000
(4.000000,1.000000): 0.000000 0.000000 0.000000 0.000000
(0.000000,1.250000): -80.000000 0.000000 0.000000 0.000000
(0.250000,1.250000): 0.000000 0.000000 0.000000 0.000000
(0.500000,1.250000): 0.000000 0.000000 0.000000 0.000000
(0.750000,1.250000): 0.000000 0.000000 0.000000 0.000000
(1.000000,1.250000): 0.000000 0.000000 0.000000 0.000000
(1.250000,1.250000): 0.000000 0.000000 0.000000 0.000000
(1.500000,1.250000): 0.000000 0.000000 0.000000 0.000000
(1.750000,1.250000): 0.000000 0.000000 0.000000 0.000000
(2.000000,1.250000): 0.000000 0.000000 0.000000 0.000000
(2.250000,1.250000): 0.000000 0.000000 0.000000 0.000000
(2.500000,1.250000): 0.000000 0.000000 0.000000 0.000000
(2.750000,1.250000): 0.000000 0.000000 0.000000 0.000000
(3.000000,1.250000): 0.000000 0.000000 0.000000 0.000000
(3.250000,1.250000): 0.000000 0.000000 0.000000 0.000000
(3.500000,1.250000): 0.000000 0.000000 0.000000 0.000000
(3.750000,1.250000): 0.000000 0.000000 0.000000 0.000000
(4.000000,1.250000): 0.000000 0.000000 0.000000 0.000000
(0.000000,1.500000): 0.000000 0.000000 0.000000 0.000000
(0.250000,1.500000): 0.000000 0.000000 0.000000 0.000000
(0.500000,1.500000): 0.000000 0.000000 0.000000 0.000000
(0.750000,1.500000): 0.000000 0.000000 0.000000 0.000000
(1.000000,1.500000): 0.000000 0.000000 0.000000 0.000000
(1.250000,1.500000): 0.000000 0.000000 0.000000 0.000000
(1.500000,1.500000): 0.000000 0.000000 0.000000 0.000000
(1.750000,1.500000): 0.000000 0.000000 0.000000 0.000000
(2.000000,1.500000): 0.000000 0.000000 0.000000 0.000000
(2.250000,1.500000): 0.000000 0.000000 0.000000 0.000000
(2.500000,1.500000): 0.000000 0.000000 0.000000 0.000000
(2.750000,1.500000): 0.000000 0.000000 0.000000 0.000000
(3.000000,1.500000): 0.000000 0.000000 0.000000 0.000000
(3.250000,1.500000): 0.000000 0.000000 0.000000 0.000000
(3.500000,1.500000): 0.000000 0.000000 0.000000 0.000000
(3.750000,1.500000): 0.000000 0.000000 0.000000 0.000000
(4.000000,1.500000): 0.000000 0.000000 0.000000 0.000000
(0.000000,1.750000): 0.000000 0.000000 0.000000 0.000000
(0.250000,1.750000): 0.000000 0.000000 0.000000 0.000000
(0.500000,1.750000): 0.000000 0.000000 0.000000 0.000000
(0.750000,1.750000): 0.000000 0.000000 0.000000 0.000000
(1.000000,1.750000): 0.000000 0.000000 0.000000 0.000000
(1.250000,1.750000): 0.000000 0.000000 0.000000 0.000000
(1.500000,1.750000): 0.000000 0.000000 0.000000 0.000000
(1.750000,1.750000): 0.000000 0.000000 0.000000 0.000000
(2.000000,1.750000): 0.000000 0.000000 0.000000 0.000000
(2.250000,1.750000): 0.000000 0.000000 0.000000 0.000000
(2.500000,1.750000): 0.000000 0.000000 0.000000 0.000000
(2.750000,1.750000): 0.000000 0.000000 0.000000 0.000000
(3.000000,1.750000): 0.000000 0.000000 0.000000 0.000000
(3.250000,1.750000): 0.000000 0.000000 0.000000 0.000000
(3.500000,1.750000): 0.000000 0.000000 0.000000 0.000000
(3.750000,1.750000): 0.000000 0.000000 0.000000 0.000000
(4.000000,1.750000): 0.000000 0.000000 0.000000 0.000000
(0.000000,2.000000): 0.000000 0.000000 0.000000 0.000000
(0.250000,2.000000): 0.000000 0.000000 0.000000 0.000000
(0.500000,2.000000): 0.000000 0.000000 0.000000 0.000000
(0.750000,2.000000): 0.000000 0.000000 0.000000 0.000000
(1.000000,2.000000): 0.000000 0.000000 0.000000 0.000000
(1.250000,2.000000): 0.000000 0.000000 0.000000 0.000000
(1.500000,2.000000): 0.000000 0.000000 0.000000 0.000000
(1.750000,2.000000): 0.000000 0.000000 0.000000 0.000000
(2.000000,2.000000): 0.000000 0.000000 0.000000 0.000000
(2.250000,2.000000): 0.000000 0.000000 0.000000 0.000000
(2.500000,2.000000): 0.000000 0.000000 0.000000 0.000000
(2.750000,2.000000): 0.000000 0.000000 0.000000 0.000000
(3.000000,2.000000): 0.000000 0.000000 0.000000 0.000000
(3.250000,2.000000): 0.000000 0.000000 0.000000 0.000000
(3.500000,2.000000): 0.000000 0.000000 0.000000 0.000000
(3.750000,2.000000): 0.000000 0.000000 0.000000 0.000000
(4.000000,2.000000): 0.000000 0.000000 0.000000 0.000000
(0.000000,2.250000): 0.000000 0.000000 0.000000 0.000000
(0.250000,2.250000): 0.000000 0.000000 0.000000 0.000000
(0.500000,2.250000): 0.000000 0.000000 0.000000 0.000000
(0.750000,2.250000): 0.000000 0.000000 0.000000 0.000000
(1.000000,2.250000): 0.000000 0.000000 0.000000 0.000000
(1.250000,2.250000): 0.000000 0.000000 0.000000 0.000000
(1.500000,2.250000): 0.000000 0.000000 0.000000 0.000000
(1.750000,2.250000): 0.000000 0.000000 0.000000 0.000000
(2.000000,2.250000): 0.000000 0.000000 0.000000 0.000000
(2.250000,2.250000): 0.000000 0.000000 0.000000 0.000000
(2.500000,2.250000): 0.000000 0.000000 0.000000 0.000000
(2.750000,2.250000): 0.000000 0.000000 0.000000 0.000000
(3.000000,2.250000): 0.000000 0.000000 0.000000 0.000000
(3.250000,2.250000): 0.000000 0.000000 0.000000 0.000000
(3.500000,2.250000): 0.000000 0.000000 0.000000 0.000000
(3.750000,2.250000): 0.000000 0.000000 0.000000 0.000000
(4.000000,2.250000): 0.000000 0.000000 0.000000 0.000000
(0.000000,2.500000): 0.000000 0.000000 0.000000 0.000000
(0.250000,2.500000): 0.000000 0.000000 0.000000 0.000000
(0.500000,2.500000): 0.000000 0.000000 0.000000 0.000000
(0.750000,2.500000): 0.000000 0.000000 0.000000 0.000000
(1.000000,2.500000): 0.000000 0.000000 0.000000 0.000000
(1.250000,2.500000): 0.000000 0.000000 0.000000 0.000000
(1.500000,2.500000): 0.000000 0.000000 0.000000 0.000000
(1.750000,2.500000): 0.000000 0.000000 0.000000 0.000000
(2.000000,2.500000): 0.000000 0.000000 0.000000 0.000000
(2.250000,2.500000): 0.000000 0.000000 0.000000 0.000000
(2.500000,2.500000): 0.000000 0.000000 0.000000 0.000000
(2.750000,2.500000): 0.000000 0.000000 0.000000 0.000000
(3.000000,2.500000): 0.000000 0.000000 0.000000 0.000000
(3.250000,2.500000): 0.000000 0.000000 0.000000 0.000000
(3.500000,2.500000): 0.000000 0.000000 0.000000 0.000000
(3.750000,2.500000): 0.000000 0.000000 0.000000 0.000000
(4.000000,2.500000): 0.000000 0.000000 0.000000 0.000000
(0.000000,2.750000): 0.000000 0.000000 0.000000 0.000000
(0.250000,2.750000): 0.000000 0.000000 0.000000 0.000000
(0.500000,2.750000): 0.000000 0.000000 0.000000 0.000000
(0.750000,2.750000): 0.000000 0.000000 0.000000 0.000000
(1.000000,2.750000): 0.000000 0.000000 0.000000 0.000000
(1.250000,2.750000): 0.000000 0.000000 0.000000 0.000000
(1.500000,2.750000): 0.000000 0.000000 0.000000 0.000000
(1.750000,2.750000): 0.000000 0.000000 0.000000 0.000000
(2.000000,2.750000): 0.000000 0.000000 0.000000 0.000000
(2.250000,2.750000): 0.000000 0.000000 0.000000 0.000000
(2.500000,2.750000): 0.000000 0.000000 0.000000 0.000000
(2.750000,2.750000): 0.000000 0.000000 0.000000 0.000000
(3.000000,2.750000): 0.000000 0.000000 0.000000 0.000000
(3.250000,2.750000): 0.000000 0.000000 0.000000 0.000000
(3.500000,2.750000): 0.000000 0.000000 0.000000 0.000000
(3.750000,2.750000): 0.000000 0.000000 0.000000 0.000000
(4.000000,2.750000): 0.000000 0.000000 0.000000 0.000000
(0.000000,3.000000): 0.000000 0.000000 0.000000 0.000000
(0.250000,3.000000): 0.000000 0.000000 0.000000 0.000000
(0.500000,3.000000): 0.000000 0.000000 0.000000 0.000000
(0.750000,3.000000): 0.000000 0.000000 0.000000 0.000000
(1.000000,3.000000): 0.000000 0.000000 0.000000 0.000000
(1.250000,3.000000): 0.000000 0.000000 0.000000 0.000000
(1.500000,3.000000): 0.000000 0.000000 0.000000 0.000000
(1.750000,3.000000): 0.000000 0.000000 0.000000 0.000000
(2.000000,3.000000): 0.000000 0.000000 0.000000 0.000000
(2.250000,3.000000): 0.000000 0.000000 0.000000 0.000000
(2.500000,3.000000): 0.000000 0.000000 0.000000 0.000000
(2.750000,3.000000): 0.000000 0.000000 0.000000 0.000000
(3.000000,3.000000): 0.000000 0.000000 0.000000 0.000000
(3.250000,3.000000): 0.000000 0.000000 0.000000 0.000000
(3.500000,3.000000): 0.000000 0.000000 0.000000 0.000000
(3.750000,3.000000): 0.000000 0.000000 0.000000 0.000000
(4.000000,3.000000): 0.000000 0.000000 0.000000 0.000000
(0.000000,3.250000): 0.000000 0.000000 0.000000 0.000000
(0.250000,3.250000): 0.000000 0.000000 0.000000 0.000000
(0.500000,3.250000): 0.000000 0.000000 0.000000 0.000000
(0.750000,3.250000): 0.000000 0.000000 0.000000 0.000000
(1.000000,3.250000): 0.000000 0.000000 0.000000 0.000000
(1.250000,3.250000): 0.000000 0.000000 0.000000 0.000000
(1.500000,3.250000): 0.000000 0.000000 0.000000 0.000000
(1.750000,3.250000): 0.000000 0.000000 0.000000 0.000000
(2.000000,3.250000): 0.000000 0.000000 0.000000 0.000000
(2.250000,3.250000): 0.000000 0.000000 0.000000 0.000000
(2.500000,3.250000): 0.000000 0.000000 0.000000 0.000000
(2.750000,3.250000): 0.000000 0.000000 0.000000 0.000000
(3.000000,3.250000): 0.000000 0.000000 0.000000 0.000000
(3.250000,3.250000): 0.000000 0.000000 0.000000 0.000000
(3.500000,3.250000): 0.000000 0.000000 0.000000 0.000000
(3.750000,3.250000): 0.000000 0.000000 0.000000 0.000000
(4.000000,3.250000): 0.000000 0.000000 0.000000 0.000000
(0.000000,3.500000): 0.000000 0.000000 0.000000 0.000000
(0.250000,3.500000): 0.000000 0.000000 0.000000 0.000000
(0.500000,3.500000): 0.000000 0.000000 0.000000 0.000000
(0.750000,3.500000): 0.000000 0.000000 0.000000 0.000000
(1.000000,3.500000): 0.000000 0.000000 0.000000 0.000000
(1.250000,3.500000): 0.000000 0.000000 0.000000 0.000000
(1.500000,3.500000): 0.000000 0.000000 0.000000 0.000000
(1.750000,3.500000): 0.000000 0.000000 0.000000 0.000000
(2.000000,3.500000): 0.000000 0.000000 0.000000 0.000000
(2.250000,3.500000): 0.000000 0.000000 0.000000 0.000000
(2.500000,3.500000): 0.000000 0.000000 0.000000 0.000000
(2.750000,3.500000): 0.000000 0.000000 0.000000 0.000000
(3.000000,3.500000): 0.000000 0.000000 0.000000 0.000000
(3.250000,3.500000): 0.000000 0.000000 0.000000 0.000000
(3.500000,3.500000): 0.000000 0.000000 0.000000 0.000000
(3.750000,3.500000): 0.000000 0.000000 0.000000 0.000000
(4.000000,3.500000): 0.000000 0.000000 0.000000 0.000000
(0.000000,3.750000): 0.000000 0.000000 0.000000 0.000000
(0.250000,3.750000): 0.000000 0.000000 0.000000 0.000000
(0.500000,3.750000): 0.000000 0.000000 0.000000 0.000000
(0.750000,3.750000): 0.000000 0.000000 0.000000 0.000000
(1.000000,3.750000): 0.000000 0.000000 0.000000 0.000000
(1.250000,3.750000): 0.000000 0.000000 0.000000 0.000000
(1.500000,3.750000): 0.000000 0.000000 0.000000 0.000000
(1.750000,3.750000): 0.000000 0.000000 0.000000 0.000000
(2.000000,3.750000): 0.000000 0.000000 0.000000 0.000000
(2.250000,3.750000): 0.000000 0.000000 0.000000 0.000000
(2.500000,3.750000): 0.000000 0.000000 0.000000 0.000000
(2.750000,3.750000): 0.000000 0.000000 0.000000 0.000000
(3.000000,3.750000): 0.000000 0.000000 0.000000 0.000000
(3.250000,3.750000): 0.000000 0.000000 0.000000 0.000000
(3.500000,3.750000): 0.000000 0.000000 0.000000 0.000000
(3.750000,3.750000): 0.000000 0.000000 0.000000 0.000000
(4.000000,3.750000): 0.000000 0.000000 0.000000 0.000000
(0.000000,4.000000): 0.000000 0.000000 0.000000 0.000000
(0.250000,4.000000): 0.000000 0.000000 0.000000 0.000000
(0.500000,4.000000): 0.000000 0.000000 0.000000 0.000000
(0.750000,4.000000): 0.000000 0.000000 0.000000 0.000000
(1.000000,4.000000): 0.000000 0.000000 0.000000 0.000000
(1.250000,4.000000): 0.000000 0.000000 0.000000 0.000000
(1.500000,4.000000): 0.000000 0.000000 0.000000 0.000000
(1.750000,4.000000): 0.000000 0.000000 0.000000 0.000000
(2.000000,4.000000): 0.000000 0.000000 0.000000 0.000000
(2.250000,4.000000): 0.000000 0.000000 0.000000 0.000000
(2.500000,4.000000): 0.000000 0.000000 0.000000 0.000000
(2.750000,4.000000): 0.000000 0.000000 0.000000 0.000000
(3.000000,4.000000): 0.000000 0.000000 0.000000 0.000000
(3.250000,4.000000): 0.000000 0.000000 0.000000 0.000000
(3.500000,4.000000): 0.000000 0.000000 0.000000 0.000000
(3.750000,4.000000): 0.000000 0.000000 0.000000 0.000000
(4.000000,4.000000): 0.000000 0.000000 0.000000 0.000000
