(0.000000,0.000000): -88.930710 -50.740788 -67.476493 -61.997825
(0.250000,0.000000): -105.944552 -46.150289 -67.476490 -41.399599
(0.500000,0.000000): -80.000000 -137.600000 -72.666420 -53.852058
(0.750000,0.000000): 0.000000 0.000000 0.000000 0.000000
(1.000000,0.000000): 0.000000 0.000000 0.000000 0.000000
(1.250000,0.000000): 0.000000 0.000000 0.000000 0.000000
(1.500000,0.000000): 0.000000 0.000000 0.000000 0.000000
(1.750000,0.000000): 0.000000 0.000000 0.000000 0.000000
(2.000000,0.000000): 0.000000 0.000000 0.000000 0.000000
(2.250000,0.000000): 0.000000 0.000000 0.000000 0.000000
(2.500000,0.000000): 0.000000 0.000000 0.000000 0.000000
(2.750000,0.000000): 0.000000 0.000000 0.000000 0.000000
(3.000000,0.000000): 0.000000 0.000000 0.000000 0.000000
(3.250000,0.000000): 0.000000 0.000000 0.000000 0.000000
(3.500000,0.000000): 0.000000 0.000000 0.000000 0.000000
(3.750000,0.000000): 0.000000 0.000000 0.000000 0.000000
(4.000000,0.000000): 0.000000 0.000000 0.000000 0.000000
(0.000000,0.250000): -46.993542 -42.845847 -51.280771 -61.997803
(0.250000,0.250000): -57.440947 -37.768281 -37.765684 -41.544145
(0.500000,0.250000): -96.000000 -32.707062 0.000000 0.000000
(0.750000,0.250000): 0.000000 0.000000 0.000000 0.000000
(1.000000,0.250000): 0.000000 0.000000 0.000000 0.000000
(1.250000,0.250000): 0.000000 0.000000 0.000000 0.000000
(1.500000,0.250000): 0.000000 0.000000 0.000000 0.000000
(1.750000,0.250000): 0.000000 0.000000 0.000000 0.000000
(2.000000,0.250000): 0.000000 0.000000 0.000000 0.000000
(2.250000,0.250000): 0.000000 0.000000 0.000000 0.000000
(2.500000,0.250000): 0.000000 0.000000 0.000000 0.000000
(2.750000,0.250000): 0.000000 0.000000 0.000000 0.000000
(3.000000,0.250000): 0.000000 0.000000 0.000000 0.000000
(3.250000,0.250000): 0.000000 0.000000 0.000000 0.000000
(3.500000,0.250000): 0.000000 0.000000 0.000000 0.000000
(3.750000,0.250000): 0.000000 0.000000 0.000000 0.000000
(4.000000,0.250000): 0.000000 0.000000 0.000000 0.000000
(0.000000,0.500000): -49.156869 -52.880918 -42.846828 -51.280049
(0.250000,0.500000): -50.359556 -62.741879 -37.784692 -9.696884
(0.500000,0.500000): -63.897915 5.013121 0.000000 0.000000
(0.750000,0.500000): 0.000000 4.323045 -32.707062 -80.000000
(1.000000,0.500000): -80.000000 -33.284636 0.000000 0.000000
(1.250000,0.500000): 0.000000 5.742650 0.000000 -80.000000
(1.500000,0.500000): 0.000000 0.000000 0.000000 0.000000
(1.750000,0.500000): 0.000000 0.000000 0.000000 0.000000
(2.000000,0.500000): 0.000000 0.000000 0.000000 0.000000
(2.250000,0.500000): 0.000000 0.000000 0.000000 0.000000
(2.500000,0.500000): 0.000000 0.000000 0.000000 0.000000
(2.750000,0.500000): 0.000000 0.000000 0.000000 0.000000
(3.000000,0.500000): 0.000000 0.000000 0.000000 0.000000
(3.250000,0.500000): 0.000000 0.000000 0.000000 0.000000
(3.500000,0.500000): 0.000000 0.000000 0.000000 0.000000
(3.750000,0.500000): 0.000000 0.000000 0.000000 0.000000
(4.000000,0.500000): 0.000000 0.000000 0.000000 0.000000
(0.000000,0.750000): -62.703190 -66.432000 -34.139106 -41.084098
(0.250000,0.750000): -32.557959 -113.730324 -34.139106 0.000000
(0.500000,0.750000): -0.234507 -52.425381 -19.411617 0.000000
(0.750000,0.750000): -6.523824 -52.065644 0.000000 0.000000
(1.000000,0.750000): 4.594123 -16.806669 0.000000 -52.425381
(1.250000,0.750000): 4.719756 0.000000 4.461639 5.548876
(1.500000,0.750000): 0.000000 0.000000 4.594123 0.000000
(1.750000,0.750000): 0.000000 0.000000 0.000000 0.000000
(2.000000,0.750000): 0.000000 0.000000 0.000000 0.000000
(2.250000,0.750000): 0.000000 0.000000 0.000000 0.000000
(2.500000,0.750000): 0.000000 0.000000 0.000000 0.000000
(2.750000,0.750000): 0.000000 0.000000 0.000000 0.000000
(3.000000,0.750000): 0.000000 0.000000 0.000000 0.000000
(3.250000,0.750000): 0.000000 0.000000 0.000000 0.000000
(3.500000,0.750000): 0.000000 0.000000 0.000000 0.000000
(3.750000,0.750000): 0.000000 0.000000 0.000000 0.000000
(4.000000,0.750000): 0.000000 0.000000 0.000000 0.000000
(0.000000,1.000000): -80.000000 -64.015289 0.000000 -34.139106
(0.250000,1.000000): -137.600000 -80.000000 -53.600000 0.000000
(0.500000,1.000000): -53.138361 -80.000000 -80.000000 0.000000
(0.750000,1.000000): -21.549326 -80.000000 -33.947438 -0.234507
(1.000000,1.000000): -31.338416 4.744236 -7.361471 0.000000
(1.250000,1.000000): -51.748920 0.000000 4.605887 4.594123
(1.500000,1.000000): -80.000000 5.026786 0.000000 0.000000
(1.750000,1.000000): 0.000000 0.000000 0.000000 0.000000
(2.000000,1.000000): 0.000000 0.000000 0.000000 0.000000
(2.250000,1.000000): 0.000000 0.000000 0.000000 0.000000
(2.500000,1.000000): 0.000000 0.000000 0.000000 0.000000
(2.750000,1.000000): 0.000000 0.000000 0.000000 0.000000
(3.000000,1.000000): 0.000000 0.000000 0.000000 0.000000
(3.250000,1.000000): 0.000000 0.000000 0.000000 0.000000
(3.500000,1.000000): 0.000000 0.000000 0.000000 0.000000
(3.750000,1.000000): 0.000000 0.000000 0.000000 0.000000
(4.000000,1.000000): 0.000000 0.000000 0.000000 0.000000
(0.000000,1.250000): -80.000000 -52.528311 -52.659957 0.000000
(0.250000,1.250000): 0.000000 0.000000 0.000000 0.000000
(0.500000,1.250000): 0.000000 0.000000 0.000000 0.000000
(0.750000,1.250000): 0.000000 0.000000 0.000000 0.000000
(1.000000,1.250000): 0.000000 4.875900 0.000000 0.000000
(1.250000,1.250000): 0.000000 0.000000 0.000000 0.000000
(1.500000,1.250000): -80.000000 0.000000 0.000000 0.000000
(1.750000,1.250000): 0.000000 0.000000 0.000000 0.000000
(2.000000,1.250000): 0.000000 0.000000 0.000000 0.000000
(2.250000,1.250000): 0.000000 0.000000 0.000000 0.000000
(2.500000,1.250000): 0.000000 0.000000 0.000000 0.000000
(2.750000,1.250000): 0.000000 0.000000 0.000000 0.000000
(3.000000,1.250000): 0.000000 0.000000 0.000000 0.000000
(3.250000,1.250000): 0.000000 0.000000 0.000000 0.000000
(3.500000,1.250000): 0.000000 0.000000 0.000000 0.000000
(3.750000,1.250000): 0.000000 0.000000 0.000000 0.000000
(4.000000,1.250000): 0.000000 0.000000 0.000000 0.000000
(0.000000,1.500000): -80.000000 4.328488 0.000000 0.000000
(0.250000,1.500000): 0.000000 0.000000 0.000000 0.000000
(0.500000,1.500000): 0.000000 0.000000 0.000000 0.000000
(0.750000,1.500000): 0.000000 0.000000 0.000000 0.000000
(1.000000,1.500000): 5.026786 0.000000 0.000000 0.000000
(1.250000,1.500000): 5.171573 0.000000 0.000000 0.000000
(1.500000,1.500000): -80.000000 0.000000 0.000000 0.000000
(1.750000,1.500000): 0.000000 0.000000 0.000000 0.000000
(2.000000,1.500000): 0.000000 0.000000 0.000000 0.000000
(2.250000,1.500000): 0.000000 0.000000 0.000000 0.000000
(2.500000,1.500000): 0.000000 0.000000 0.000000 0.000000
(2.750000,1.500000): 0.000000 0.000000 0.000000 0.000000
(3.000000,1.500000): 0.000000 0.000000 0.000000 0.000000
(3.250000,1.500000): 0.000000 0.000000 0.000000 0.000000
(3.500000,1.500000): 0.000000 0.000000 0.000000 0.000000
(3.750000,1.500000): 0.000000 0.000000 0.000000 0.000000
(4.000000,1.500000): 0.000000 0.000000 0.000000 0.000000
(0.000000,1.750000): -80.000000 0.000000 0.000000 0.000000
(0.250000,1.750000): 0.000000 0.000000 0.000000 0.000000
(0.500000,1.750000): 0.000000 0.000000 0.000000 0.000000
(0.750000,1.750000): 0.000000 0.000000 0.000000 0.000000
(1.000000,1.750000): 0.000000 0.000000 0.000000 0.000000
(1.250000,1.750000): 0.000000 0.000000 0.000000 0.000000
(1.500000,1.750000): 0.000000 0.000000 0.000000 0.000000
(1.750000,1.750000): 0.000000 0.000000 0.000000 0.000000
(2.000000,1.750000): 0.000000 0.000000 0.000000 0.000000
(2.250000,1.750000): 0.000000 0.000000 0.000000 0.000000
(2.500000,1.750000): 0.000000 0.000000 0.000000 0.000000
(2.750000,1.750000): 0.000000 0.000000 0.000000 0.000000
(3.000000,1.750000): 0.000000 0.000000 0.000000 0.000000
(3.250000,1.750000): 0.000000 0.000000 0.000000 0.000000
(3.500000,1.750000): 0.000000 0.000000 0.000000 0.000000
(3.750000,1.750000): 0.000000 0.000000 0.000000 0.000000
(4.000000,1.750000): 0.000000 0.000000 0.000000 0.000000
(0.000000,2.000000): 0.000000 0.000000 0.000000 0.000000
(0.250000,2.000000): 0.000000 0.000000 0.000000 0.000000
(0.500000,2.000000): 0.000000 0.000000 0.000000 0.000000
(0.750000,2.000000): 0.000000 0.000000 0.000000 0.000000
(1.000000,2.000000): 0.000000 0.000000 0.000000 0.000000
(1.250000,2.000000): 0.000000 0.000000 0.000000 0.000000
(1.500000,2.000000): 0.000000 0.000000 0.000000 0.000000
(1.750000,2.000000): 0.000000 0.000000 0.000000 0.000000
(2.000000,2.000000): 0.000000 0.000000 0.000000 0.000000
(2.250000,2.000000): 0.000000 0.000000 0.000000 0.000000
(2.500000,2.000000): 0.000000 0.000000 0.000000 0.000000
(2.750000,2.000000): 0.000000 0.000000 0.000000 0.000000
(3.000000,2.000000): 0.000000 0.000000 0.000000 0.000000
(3.250000,2.000000): 0.000000 0.000000 0.000000 0.000000
(3.500000,2.000000): 0.000000 0.000000 0.000000 0.000000
(3.750000,2.000000): 0.000000 0.000000 0.000000 0.000000
(4.000000,2.000000): 0.000000 0.000000 0.000000 0.000000
(0.000000,2.250000): 0.000000 0.000000 0.000000 0.000000
(0.250000,2.250000): 0.000000 0.000000 0.000000 0.000000
(0.500000,2.250000): 0.000000 0.000000 0.000000 0.000000
(0.750000,2.250000): 0.000000 0.000000 0.000000 0.000000
(1.000000,2.250000): 0.000000 0.000000 0.000000 0.000000
(1.250000,2.250000): 0.000000 0.000000 0.000000 0.000000
(1.500000,2.250000): 0.000000 0.000000 0.000000 0.000000
(1.750000,2.250000): 0.000000 0.000000 0.000000 0.000000
(2.000000,2.250000): 0.000000 0.000000 0.000000 0.000000
(2.250000,2.250000): 0.000000 0.000000 0.000000 0.000000
(2.500000,2.250000): 0.000000 0.000000 0.000000 0.000000
(2.750000,2.250000): 0.000000 0.000000 0.000000 0.000000
(3.000000,2.250000): 0.000000 0.000000 0.000000 0.000000
(3.250000,2.250000): 0.000000 0.000000 0.000000 0.000000
(3.500000,2.250000): 0.000000 0.000000 0.000000 0.000000
(3.750000,2.250000): 0.000000 0.000000 0.000000 0.000000
(4.000000,2.250000): 0.000000 0.000000 0.000000 0.000000
(0.000000,2.500000): 0.000000 0.000000 0.000000 0.000000
(0.250000,2.500000): 0.000000 0.000000 0.000000 0.000000
(0.500000,2.500000): 0.000000 0.000000 0.000000 0.000000
(0.750000,2.500000): 0.000000 0.000000 0.000000 0.000000
(1.000000,2.500000): 0.000000 0.000000 0.000000 0.000000
(1.250000,2.500000): 0.000000 0.000000 0.000000 0.000000
(1.500000,2.500000): 0.000000 0.000000 0.000000 0.000000
(1.750000,2.500000): 0.000000 0.000000 0.000000 0.000000
(2.000000,2.500000): 0.000000 0.000000 0.000000 0.000000
(2.250000,2.500000): 0.000000 0.000000 0.000000 0.000000
(2.500000,2.500000): 0.000000 0.000000 0.000000 0.000000
(2.750000,2.500000): 0.000000 0.000000 0.000000 0.000000
(3.000000,2.500000): 0.000000 0.000000 0.000000 0.000000
(3.250000,2.500000): 0.000000 0.000000 0.000000 0.000000
(3.500000,2.500000): 0.000000 0.000000 0.000000 0.000000
(3.750000,2.500000): 0.000000 0.000000 0.000000 0.000000
(4.000000,2.500000): 0.000000 0.000000 0.000000 0.000000
(0.000000,2.750000): 0.000000 0.000000 0.000000 0.000000
(0.250000,2.750000): 0.000000 0.000000 0.000000 0.000000
(0.500000,2.750000): 0.000000 0.000000 0.000000 0.000000
(0.750000,2.750000): 0.000000 0.000000 0.000000 0.000000
(1.000000,2.750000): 0.000000 0.000000 0.000000 0.000000
(1.250000,2.750000): 0.000000 0.000000 0.000000 0.000000
(1.500000,2.750000): 0.000000 0.000000 0.000000 0.000000
(1.750000,2.750000): 0.000000 0.000000 0.000000 0.000000
(2.000000,2.750000): 0.000000 0.000000 0.000000 0.000000
(2.250000,2.750000): 0.000000 0.000000 0.000000 0.000000
(2.500000,2.750000): 0.000000 0.000000 0.000000 0.000000
(2.750000,2.750000): 0.000000 0.000000 0.000000 0.000000
(3.000000,2.750000): 0.000000 0.000000 0.000000 0.000000
(3.250000,2.750000): 0.000000 0.000000 0.000000 0.000000
(3.500000,2.750000): 0.000000 0.000000 0.000000 0.000000
(3.750000,2.750000): 0.000000 0.000000 0.000000 0.000000
(4.000000,2.750000): 0.000000 0.000000 0.000000 0.000000
(0.000000,3.000000): 0.000000 0.000000 0.000000 0.000000
(0.250000,3.000000): 0.000000 0.000000 0.000000 0.000000
(0.500000,3.000000): 0.000000 0.000000 0.000000 0.000000
(0.750000,3.000000): 0.000000 0.000000 0.000000 0.000000
(1.000000,3.000000): 0.000000 0.000000 0.000000 0.000000
(1.250000,3.000000): 0.000000 0.000000 0.000000 0.000000
(1.500000,3.000000): 0.000000 0.000000 0.000000 0.000000
(1.750000,3.000000): 0.000000 0.000000 0.000000 0.000000
(2.000000,3.000000): 0.000000 0.000000 0.000000 0.000000
(2.250000,3.000000): 0.000000 0.000000 0.000000 0.000000
(2.500000,3.000000): 0.000000 0.000000 0.000000 0.000000
(2.750000,3.000000): 0.000000 0.000000 0.000000 0.000000
(3.000000,3.000000): 0.000000 0.000000 0.000000 0.000000
(3.250000,3.000000): 0.000000 0.000000 0.000000 0.000000
(3.500000,3.000000): 0.000000 0.000000 0.000000 0.000000
(3.750000,3.000000): 0.000000 0.000000 0.000000 0.000000
(4.000000,3.000000): 0.000000 0.000000 0.000000 0.000000
(0.000000,3.250000): 0.000000 0.000000 0.000000 0.000000
(0.250000,3.250000): 0.000000 0.000000 0.000000 0.000000
(0.500000,3.250000): 0.000000 0.000000 0.000000 0.000000
(0.750000,3.250000): 0.000000 0.000000 0.000000 0.000000
(1.000000,3.250000): 0.000000 0.000000 0.000000 0.000000
(1.250000,3.250000): 0.000000 0.000000 0.000000 0.000000
(1.500000,3.250000): 0.000000 0.000000 0.000000 0.000000
(1.750000,3.250000): 0.000000 0.000000 0.000000 0.000000
(2.000000,3.250000): 0.000000 0.000000 0.000000 0.000000
(2.250000,3.250000): 0.000000 0.000000 0.000000 0.000000
(2.500000,3.250000): 0.000000 0.000000 0.000000 0.000000
(2.750000,3.250000): 0.000000 0.000000 0.000000 0.000000
(3.000000,3.250000): 0.000000 0.000000 0.000000 0.000000
(3.250000,3.250000): 0.000000 0.000000 0.000000 0.000000
(3.500000,3.250000): 0.000000 0.000000 0.000000 0.000000
(3.750000,3.250000): 0.000000 0.000000 0.000000 0.000000
(4.000000,3.250000): 0.000000 0.000000 0.000000 0.000000
(0.000000,3.500000): 0.000000 0.000000 0.000000 0.000000
(0.250000,3.500000): 0.000000 0.000000 0.000000 0.000000
(0.500000,3.500000): 0.000000 0.000000 0.000000 0.000000
(0.750000,3.500000): 0.000000 0.000000 0.000000 0.000000
(1.000000,3.500000): 0.000000 0.000000 0.000000 0.000000
(1.250000,3.500000): 0.000000 0.000000 0.000000 0.000000
(1.500000,3.500000): 0.000000 0.000000 0.000000 0.000000
(1.750000,3.500000): 0.000000 0.000000 0.000000 0.000000
(2.000000,3.500000): 0.000000 0.000000 0.000000 0.000000
(2.250000,3.500000): 0.000000 0.000000 0.000000 0.000000
(2.500000,3.500000): 0.000000 0.000000 0.000000 0.000000
(2.750000,3.500000): 0.000000 0.000000 0.000000 0.000000
(3.000000,3.500000): 0.000000 0.000000 0.000000 0.000000
(3.250000,3.500000): 0.000000 0.000000 0.000000 0.000000
(3.500000,3.500000): 0.000000 0.000000 0.000000 0.000000
(3.750000,3.500000): 0.000000 0.000000 0.000000 0.000000
(4.000000,3.500000): 0.000000 0.000000 0.000000 0.000000
(0.000000,3.750000): 0.000000 0.000000 0.000000 0.000000
(0.250000,3.750000): 0.000000 0.000000 0.000000 0.000000
(0.500000,3.750000): 0.000000 0.000000 0.000000 0.000000
(0.750000,3.750000): 0.000000 0.000000 0.000000 0.000000
(1.000000,3.750000): 0.000000 0.000000 0.000000 0.000000
(1.250000,3.750000): 0.000000 0.000000 0.000000 0.000000
(1.500000,3.750000): 0.000000 0.000000 0.000000 0.000000
(1.750000,3.750000): 0.000000 0.000000 0.000000 0.000000
(2.000000,3.750000): 0.000000 0.000000 0.000000 0.000000
(2.250000,3.750000): 0.000000 0.000000 0.000000 0.000000
(2.500000,3.750000): 0.000000 0.000000 0.000000 0.000000
(2.750000,3.750000): 0.000000 0.000000 0.000000 0.000000
(3.000000,3.750000): 0.000000 0.000000 0.000000 0.000000
(3.250000,3.750000): 0.000000 0.000000 0.000000 0.000000
(3.500000,3.750000): 0.000000 0.000000 0.000000 0.000000
(3.750000,3.750000): 0.000000 0.000000 0.000000 0.000000
(4.000000,3.750000): 0.000000 0.000000 0.000000 0.000000
(0.000000,4.000000): 0.000000 0.000000 0.000000 0.000000
(0.250000,4.000000): 0.000000 0.000000 0.000000 0.000000
(0.500000,4.000000): 0.000000 0.000000 0.000000 0.000000
(0.750000,4.000000): 0.000000 0.000000 0.000000 0.000000
(1.000000,4.000000): 0.000000 0.000000 0.000000 0.000000
(1.250000,4.000000): 0.000000 0.000000 0.000000 0.000000
(1.500000,4.000000): 0.000000 0.000000 0.000000 0.000000
(1.750000,4.000000): 0.000000 0.000000 0.000000 0.000000
(2.000000,4.000000): 0.000000 0.000000 0.000000 0.000000
(2.250000,4.000000): 0.000000 0.000000 0.000000 0.000000
(2.500000,4.000000): 0.000000 0.000000 0.000000 0.000000
(2.750000,4.000000): 0.000000 0.000000 0.000000 0.000000
(3.000000,4.000000): 0.000000 0.000000 0.000000 0.000000
(3.250000,4.000000): 0.000000 0.000000 0.000000 0.000000
(3.500000,4.000000): 0.000000 0.000000 0.000000 0.000000
(3.750000,4.000000): 0.000000 0.000000 0.000000 0.000000
(4.000000,4.000000): 0.000000 0.000000 0.000000 0.000000
