(0.000000,0.000000): 352.302048 352.226844 317.648019 316.809027
(0.250000,0.000000): 365.997622 392.623823 317.806449 353.721439
(0.500000,0.000000): -4.547369 408.121640 353.236557 358.584595
(0.750000,0.000000): 0.500000 0.500000 0.000000 0.000000
(1.000000,0.000000): 0.500000 0.500000 0.000000 0.000000
(1.250000,0.000000): 0.500000 0.500000 0.000000 0.000000
(1.500000,0.000000): 90.952339 290.146732 -3.640000 0.000000
(1.750000,0.000000): 443.527155 0.500000 0.000000 0.000000
(2.000000,0.000000): 115.426432 650.174984 0.000000 153.201071
(2.250000,0.000000): 0.500000 433.594553 95.499041 0.000000
(2.500000,0.000000): 0.500000 0.500000 0.000000 0.000000
(2.750000,0.000000): 0.500000 0.500000 0.000000 0.000000
(3.000000,0.000000): 0.500000 0.500000 0.000000 0.000000
(3.250000,0.000000): 0.500000 0.500000 0.000000 0.000000
(3.500000,0.000000): 0.500000 0.500000 0.000000 0.000000
(3.750000,0.000000): 0.500000 0.500000 0.000000 0.000000
(4.000000,0.000000): 0.500000 0.500000 0.000000 0.000000
(0.000000,0.250000): 394.822596 380.579477 352.843330 317.452568
(0.250000,0.250000): 422.660037 423.273423 353.663913 354.142600
(0.500000,0.250000): -4.550000 456.427285 393.131795 362.227125
(0.750000,0.250000): 0.500000 0.500000 0.000000 0.000000
(1.000000,0.250000): 0.500000 0.500000 0.000000 0.000000
(1.250000,0.250000): 0.500000 0.500000 0.000000 0.000000
(1.500000,0.250000): 367.719543 630.343607 -4.538625 71.653588
(1.750000,0.250000): 349.906489 690.389298 460.886789 200.681991
(2.000000,0.250000): 594.878920 747.300746 498.756036 377.307705
(2.250000,0.250000): 689.907725 823.651835 516.952635 116.777550
(2.500000,0.250000): -4.045000 856.009755 374.983097 0.000000
(2.750000,0.250000): 0.500000 0.500000 0.000000 0.000000
(3.000000,0.250000): 0.500000 0.500000 0.000000 0.000000
(3.250000,0.250000): 0.500000 0.500000 0.000000 0.000000
(3.500000,0.250000): 0.500000 0.500000 0.000000 0.000000
(3.750000,0.250000): 0.500000 0.500000 0.000000 0.000000
(4.000000,0.250000): 0.500000 0.500000 0.000000 0.000000
(0.000000,0.500000): 424.967895 352.565082 379.237454 339.678116
(0.250000,0.500000): 457.545871 393.458460 380.751514 392.794662
(0.500000,0.500000): 495.422190 424.537363 424.397985 424.851204
(0.750000,0.500000): 536.890241 458.207511 459.173605 -4.550000
(1.000000,0.500000): 582.121808 495.759962 496.661819 -4.550000
(1.250000,0.500000): 631.620467 537.507876 537.571410 -4.550000
(1.500000,0.500000): 686.413147 582.403699 583.552765 572.488707
(1.750000,0.500000): 747.507308 608.896442 624.351240 629.150848
(2.000000,0.500000): 816.513445 519.408331 691.870685 682.973210
(2.250000,0.500000): 896.271505 735.870960 754.754142 736.426983
(2.500000,0.500000): -4.550000 977.309294 813.849887 747.415241
(2.750000,0.500000): 0.500000 0.500000 0.000000 0.000000
(3.000000,0.500000): 0.500000 0.500000 0.000000 0.000000
(3.250000,0.500000): 0.500000 0.500000 0.000000 0.000000
(3.500000,0.500000): 0.500000 0.500000 0.000000 0.000000
(3.750000,0.500000): 0.500000 0.500000 0.000000 0.000000
(4.000000,0.500000): 0.500000 0.500000 0.000000 0.000000
(0.000000,0.750000): 393.445224 36.590744 287.474966 298.883815
(0.250000,0.750000): 423.473701 270.989471 340.787790 424.387348
(0.500000,0.750000): 458.578740 327.497587 391.618829 411.231960
(0.750000,0.750000): 496.045204 414.857489 423.098971 495.741749
(1.000000,0.750000): 538.156021 301.419736 456.666867 529.994837
(1.250000,0.750000): 556.769695 328.357587 493.704690 584.284788
(1.500000,0.750000): 534.457422 158.418978 537.187510 635.225127
(1.750000,0.750000): 416.012935 -4.499500 98.870646 676.276210
(2.000000,0.750000): 423.511794 -4.549192 112.463277 582.462278
(2.250000,0.750000): 773.675462 -4.518438 113.430390 823.291544
(2.500000,0.750000): 849.313206 1083.624186 731.775232 852.709836
(2.750000,0.750000): 125.198965 1137.754636 518.882247 -4.546360
(3.000000,0.750000): 650.169529 1230.696270 105.513279 -4.095000
(3.250000,0.750000): 130.453645 1415.656690 138.479384 -4.550000
(3.500000,0.750000): -0.340000 -3.540000 137.041254 0.000000
(3.750000,0.750000): 0.500000 0.500000 0.000000 0.000000
(4.000000,0.750000): 0.500000 0.500000 0.000000 0.000000
(0.000000,1.000000): 201.609470 0.500000 0.000000 0.000000
(0.250000,1.000000): 221.046183 -4.045000 0.000000 342.335891
(0.500000,1.000000): 86.806994 -4.529800 202.709294 395.719185
(0.750000,1.000000): 243.959130 -4.518437 175.573633 450.199264
(1.000000,1.000000): 185.998205 29.152525 302.922128 448.489846
(1.250000,1.000000): 51.548463 89.716371 257.498666 503.496693
(1.500000,1.000000): -3.540000 -3.540000 302.314408 0.000000
(1.750000,1.000000): 0.500000 0.500000 0.000000 0.000000
(2.000000,1.000000): 0.500000 0.500000 0.000000 0.000000
(2.250000,1.000000): 0.500000 0.500000 0.000000 0.000000
(2.500000,1.000000): 1189.976230 788.215140 -4.527250 976.482026
(2.750000,1.000000): 1307.433825 881.633547 1051.908051 573.437800
(3.000000,1.000000): 1437.621242 1163.841654 1121.855241 1020.351461
(3.250000,1.000000): 560.693680 1582.121310 1232.956616 1123.404357
(3.500000,1.000000): -4.507900 121.800295 763.439571 113.321772
(3.750000,1.000000): 0.500000 0.500000 0.000000 0.000000
(4.000000,1.000000): 0.500000 0.500000 0.000000 0.000000
(0.000000,1.250000): 0.500000 0.500000 0.000000 0.000000
(0.250000,1.250000): 0.500000 0.500000 0.000000 0.000000
(0.500000,1.250000): 0.500000 0.500000 0.000000 0.000000
(0.750000,1.250000): 0.500000 0.500000 0.000000 0.000000
(1.000000,1.250000): 45.461911 50.021844 -3.640000 0.000000
(1.250000,1.250000): -3.540000 82.120118 18.990602 0.000000
(1.500000,1.250000): 0.500000 0.500000 0.000000 0.000000
(1.750000,1.250000): 0.500000 0.500000 0.000000 0.000000
(2.000000,1.250000): 0.500000 0.500000 0.000000 0.000000
(2.250000,1.250000): 0.500000 0.500000 0.000000 0.000000
(2.500000,1.250000): 978.274746 0.500000 -4.504500 541.661220
(2.750000,1.250000): 0.500000 68.887659 359.315573 1180.456159
(3.000000,1.250000): 0.500000 35.208714 497.275200 1300.161110
(3.250000,1.250000): 1742.207233 789.449794 914.106750 1415.726328
(3.500000,1.250000): -4.550000 1919.936994 1400.329803 546.662688
(3.750000,1.250000): 0.500000 0.500000 0.000000 0.000000
(4.000000,1.250000): 0.500000 0.500000 0.000000 0.000000
(0.000000,1.500000): 0.500000 0.500000 0.000000 0.000000
(0.250000,1.500000): 0.500000 0.500000 0.000000 0.000000
(0.500000,1.500000): 0.500000 0.500000 0.000000 0.000000
(0.750000,1.500000): 0.500000 0.500000 0.000000 0.000000
(1.000000,1.500000): 64.902994 0.500000 0.000000 18.000557
(1.250000,1.500000): 72.122584 59.425039 50.273791 72.278776
(1.500000,1.500000): 0.500000 23.302552 75.583334 -3.640000
(1.750000,1.500000): 0.500000 0.500000 0.000000 0.000000
(2.000000,1.500000): 0.500000 0.500000 0.000000 0.000000
(2.250000,1.500000): 0.500000 0.500000 0.000000 0.000000
(2.500000,1.500000): 0.500000 12.039562 0.000000 0.000000
(2.750000,1.500000): -3.540000 -3.540000 10.905318 124.558486
(3.000000,1.500000): 0.500000 0.500000 80.326978 0.000000
(3.250000,1.500000): 54.274576 481.724420 0.000000 1400.396714
(3.500000,1.500000): 956.443405 2116.835637 868.921046 1684.870678
(3.750000,1.500000): 737.866886 0.500000 1445.941156 -4.468100
(4.000000,1.500000): 138.864970 1542.786841 246.974595 -4.542720
(0.000000,1.750000): 0.500000 0.500000 0.000000 0.000000
(0.250000,1.750000): 0.500000 0.500000 0.000000 0.000000
(0.500000,1.750000): 0.500000 0.500000 0.000000 0.000000
(0.750000,1.750000): 0.500000 0.500000 0.000000 0.000000
(1.000000,1.750000): 18.479767 0.500000 0.000000 0.000000
(1.250000,1.750000): 0.500000 44.582883 10.804841 67.673274
(1.500000,1.750000): -4.509600 11.393036 0.000000 0.000000
(1.750000,1.750000): 0.500000 0.500000 0.000000 0.000000
(2.000000,1.750000): 0.500000 0.500000 0.000000 0.000000
(2.250000,1.750000): 0.500000 0.500000 0.000000 0.000000
(2.500000,1.750000): -3.540000 0.500000 0.000000 0.000000
(2.750000,1.750000): 0.500000 0.500000 0.000000 0.000000
(3.000000,1.750000): 0.500000 0.500000 0.000000 0.000000
(3.250000,1.750000): 1580.598543 0.500000 0.000000 0.000000
(3.500000,1.750000): 2277.871997 2334.901004 -4.549672 1807.395023
(3.750000,1.750000): 2023.527578 2513.863893 167.803752 114.948516
(4.000000,1.750000): 2020.635984 147.457060 2271.387223 51.249310
(0.000000,2.000000): 0.500000 0.500000 0.000000 0.000000
(0.250000,2.000000): 0.500000 0.500000 0.000000 0.000000
(0.500000,2.000000): 0.500000 0.500000 0.000000 0.000000
(0.750000,2.000000): 0.500000 0.500000 0.000000 0.000000
(1.000000,2.000000): 0.500000 0.500000 0.000000 0.000000
(1.250000,2.000000): 43.232779 0.500000 0.000000 10.960282
(1.500000,2.000000): 0.500000 0.500000 52.581139 0.000000
(1.750000,2.000000): 0.500000 0.500000 0.000000 0.000000
(2.000000,2.000000): 0.500000 0.500000 0.000000 0.000000
(2.250000,2.000000): 0.500000 0.500000 0.000000 0.000000
(2.500000,2.000000): 0.500000 0.500000 0.000000 0.000000
(2.750000,2.000000): 0.500000 0.500000 0.000000 0.000000
(3.000000,2.000000): 0.500000 0.500000 0.000000 0.000000
(3.250000,2.000000): 0.500000 0.500000 0.000000 0.000000
(3.500000,2.000000): 2513.864498 2576.289576 -3.812900 1622.356904
(3.750000,2.000000): 164.872127 2774.939645 169.940334 169.963005
(4.000000,2.000000): 164.872127 -4.550000 0.000000 155.664127
(0.000000,2.250000): 0.500000 0.500000 0.000000 0.000000
(0.250000,2.250000): 0.500000 0.500000 0.000000 0.000000
(0.500000,2.250000): 0.500000 0.500000 0.000000 0.000000
(0.750000,2.250000): 0.500000 0.500000 0.000000 0.000000
(1.000000,2.250000): 0.500000 0.500000 0.000000 0.000000
(1.250000,2.250000): 0.500000 0.500000 0.000000 0.000000
(1.500000,2.250000): 0.500000 0.500000 0.000000 0.000000
(1.750000,2.250000): 0.500000 0.500000 0.000000 0.000000
(2.000000,2.250000): 0.500000 0.500000 0.000000 0.000000
(2.250000,2.250000): 0.500000 0.500000 0.000000 0.000000
(2.500000,2.250000): 0.500000 0.500000 0.000000 0.000000
(2.750000,2.250000): 0.500000 0.500000 0.000000 0.000000
(3.000000,2.250000): 0.500000 0.500000 0.000000 0.000000
(3.250000,2.250000): 0.500000 0.500000 0.000000 0.000000
(3.500000,2.250000): 2752.183770 2843.297149 -2.275000 150.372744
(3.750000,2.250000): -4.550000 3063.703494 169.087277 170.076824
(4.000000,2.250000): 0.500000 0.500000 0.000000 0.000000
(0.000000,2.500000): 0.500000 0.500000 0.000000 0.000000
(0.250000,2.500000): 0.500000 0.500000 0.000000 0.000000
(0.500000,2.500000): 0.500000 0.500000 0.000000 0.000000
(0.750000,2.500000): 0.500000 0.500000 0.000000 0.000000
(1.000000,2.500000): 0.500000 0.500000 0.000000 0.000000
(1.250000,2.500000): 0.500000 0.500000 0.000000 0.000000
(1.500000,2.500000): 0.500000 0.500000 0.000000 0.000000
(1.750000,2.500000): 0.500000 0.500000 0.000000 0.000000
(2.000000,2.500000): 0.500000 0.500000 0.000000 0.000000
(2.250000,2.500000): 0.500000 0.500000 0.000000 0.000000
(2.500000,2.500000): 0.500000 0.500000 0.000000 0.000000
(2.750000,2.500000): 0.500000 0.500000 0.000000 0.000000
(3.000000,2.500000): 0.500000 0.500000 0.000000 0.000000
(3.250000,2.500000): 148.063796 0.500000 0.000000 0.000000
(3.500000,2.500000): 3063.255244 3138.305611 104.722026 1964.357899
(3.750000,2.500000): -4.549112 3409.670558 156.994812 150.576111
(4.000000,2.500000): 0.500000 0.500000 0.000000 0.000000
(0.000000,2.750000): 0.500000 0.500000 0.000000 0.000000
(0.250000,2.750000): 0.500000 0.500000 0.000000 0.000000
(0.500000,2.750000): 0.500000 0.500000 0.000000 0.000000
(0.750000,2.750000): 0.500000 0.500000 0.000000 0.000000
(1.000000,2.750000): 0.500000 0.500000 0.000000 0.000000
(1.250000,2.750000): 0.500000 0.500000 0.000000 0.000000
(1.500000,2.750000): 0.500000 0.500000 0.000000 0.000000
(1.750000,2.750000): 0.500000 0.500000 0.000000 0.000000
(2.000000,2.750000): 0.500000 0.500000 0.000000 0.000000
(2.250000,2.750000): 0.500000 0.500000 0.000000 0.000000
(2.500000,2.750000): 0.500000 0.500000 0.000000 0.000000
(2.750000,2.750000): 0.500000 0.500000 0.000000 0.000000
(3.000000,2.750000): 38.914489 0.500000 0.000000 0.000000
(3.250000,2.750000): 0.500000 1590.004639 0.000000 0.000000
(3.500000,2.750000): 3452.907170 3463.653234 404.184500 157.818924
(3.750000,2.750000): -4.550000 3812.242246 0.000000 0.000000
(4.000000,2.750000): 0.500000 0.500000 0.000000 0.000000
(0.000000,3.000000): 0.500000 0.500000 0.000000 0.000000
(0.250000,3.000000): 0.500000 0.500000 0.000000 0.000000
(0.500000,3.000000): 0.500000 0.500000 0.000000 0.000000
(0.750000,3.000000): 0.500000 0.500000 0.000000 0.000000
(1.000000,3.000000): 0.500000 0.500000 0.000000 0.000000
(1.250000,3.000000): 0.500000 0.500000 0.000000 0.000000
(1.500000,3.000000): 0.500000 0.500000 0.000000 0.000000
(1.750000,3.000000): 0.500000 0.500000 0.000000 0.000000
(2.000000,3.000000): 0.500000 0.500000 0.000000 0.000000
(2.250000,3.000000): 0.500000 0.500000 0.000000 0.000000
(2.500000,3.000000): 0.500000 0.500000 0.000000 0.000000
(2.750000,3.000000): 0.500000 0.500000 0.000000 0.000000
(3.000000,3.000000): 34.865366 0.500000 0.000000 9.563382
(3.250000,3.000000): 3026.715859 20.997461 31.012777 52.194804
(3.500000,3.000000): 3812.123219 3821.326550 34.615366 0.000000
(3.750000,3.000000): 4101.382321 4206.518776 0.000000 0.000000
(4.000000,3.000000): 4101.382269 4526.888337 3.413906 0.000000
(0.000000,3.250000): 0.500000 0.500000 0.000000 0.000000
(0.250000,3.250000): 0.500000 0.500000 0.000000 0.000000
(0.500000,3.250000): 0.500000 0.500000 0.000000 0.000000
(0.750000,3.250000): 0.500000 0.500000 0.000000 0.000000
(1.000000,3.250000): 0.500000 0.500000 0.000000 0.000000
(1.250000,3.250000): 0.500000 0.500000 0.000000 0.000000
(1.500000,3.250000): 0.500000 0.500000 0.000000 0.000000
(1.750000,3.250000): 0.500000 0.500000 0.000000 0.000000
(2.000000,3.250000): 0.500000 0.500000 0.000000 0.000000
(2.250000,3.250000): 0.500000 0.500000 0.000000 0.000000
(2.500000,3.250000): 0.500000 0.500000 0.000000 0.000000
(2.750000,3.250000): 0.500000 0.500000 0.000000 0.000000
(3.000000,3.250000): 0.500000 0.500000 0.000000 0.000000
(3.250000,3.250000): 2868.324301 15.637698 0.000000 0.000000
(3.500000,3.250000): 4206.518779 4212.223506 1321.551890 0.000000
(3.750000,3.250000): 4526.888337 4634.545558 2862.144222 1906.125046
(4.000000,3.250000): 4526.888336 4987.724064 0.000000 2061.744288
(0.000000,3.500000): 0.500000 0.500000 0.000000 0.000000
(0.250000,3.500000): 0.500000 0.500000 0.000000 0.000000
(0.500000,3.500000): 0.500000 0.500000 0.000000 0.000000
(0.750000,3.500000): 0.500000 0.500000 0.000000 0.000000
(1.000000,3.500000): 0.500000 0.500000 0.000000 0.000000
(1.250000,3.500000): 0.500000 0.500000 0.000000 0.000000
(1.500000,3.500000): 0.500000 0.500000 0.000000 0.000000
(1.750000,3.500000): 0.500000 0.500000 0.000000 0.000000
(2.000000,3.500000): 0.500000 0.500000 0.000000 0.000000
(2.250000,3.500000): 0.500000 0.500000 0.000000 0.000000
(2.500000,3.500000): 0.500000 0.500000 0.000000 0.000000
(2.750000,3.500000): 0.500000 0.500000 0.000000 0.000000
(3.000000,3.500000): 0.500000 0.500000 0.000000 0.000000
(3.250000,3.500000): 2104.937299 0.500000 0.000000 0.000000
(3.500000,3.500000): 4634.545558 3357.451232 0.000000 1908.096148
(3.750000,3.500000): 4987.724064 5083.021790 0.000000 2103.259389
(4.000000,3.500000): 4987.724064 5459.815003 0.000000 201.587187
(0.000000,3.750000): 0.500000 0.500000 0.000000 0.000000
(0.250000,3.750000): 0.500000 0.500000 0.000000 0.000000
(0.500000,3.750000): 0.500000 0.500000 0.000000 0.000000
(0.750000,3.750000): 0.500000 0.500000 0.000000 0.000000
(1.000000,3.750000): 0.500000 0.500000 0.000000 0.000000
(1.250000,3.750000): 0.500000 0.500000 0.000000 0.000000
(1.500000,3.750000): 0.500000 0.500000 0.000000 0.000000
(1.750000,3.750000): 0.500000 0.500000 0.000000 0.000000
(2.000000,3.750000): 0.500000 0.500000 0.000000 0.000000
(2.250000,3.750000): 0.500000 0.500000 0.000000 0.000000
(2.500000,3.750000): 0.500000 0.500000 0.000000 0.000000
(2.750000,3.750000): 0.500000 0.500000 0.000000 0.000000
(3.000000,3.750000): 0.500000 0.500000 0.000000 0.000000
(3.250000,3.750000): 0.500000 0.500000 0.000000 0.000000
(3.500000,3.750000): 4795.218721 37.420280 0.000000 2105.755640
(3.750000,3.750000): 5459.815003 1446.373105 2187.761398 0.000000
(4.000000,3.750000): 5459.815003 1000.450000 5003.599574 3740.793048
(0.000000,4.000000): 0.500000 0.500000 0.000000 0.000000
(0.250000,4.000000): 0.500000 0.500000 0.000000 0.000000
(0.500000,4.000000): 0.500000 0.500000 0.000000 0.000000
(0.750000,4.000000): 0.500000 0.500000 0.000000 0.000000
(1.000000,4.000000): 0.500000 0.500000 0.000000 0.000000
(1.250000,4.000000): 0.500000 0.500000 0.000000 0.000000
(1.500000,4.000000): 0.500000 0.500000 0.000000 0.000000
(1.750000,4.000000): 0.500000 0.500000 0.000000 0.000000
(2.000000,4.000000): 0.500000 0.500000 0.000000 0.000000
(2.250000,4.000000): 0.500000 0.500000 0.000000 0.000000
(2.500000,4.000000): 0.500000 0.500000 0.000000 0.000000
(2.750000,4.000000): 0.500000 0.500000 0.000000 0.000000
(3.000000,4.000000): 0.500000 0.500000 0.000000 0.000000
(3.250000,4.000000): 0.500000 0.500000 0.000000 0.000000
(3.500000,4.000000): 721.685526 167.541425 0.000000 0.000000
(3.750000,4.000000): 1000.449523 709.381453 0.000000 0.000000
(4.000000,4.000000): 0.500000 0.500000 0.000000 0.000000
