(0.000000,0.000000): -6.573691 -6.611507 -6.967244 -7.415075
(0.250000,0.000000): -4.675257 -1.404106 -4.699750 -5.867045
(0.500000,0.000000): 0.016000 -0.182199 -4.811411 0.000000
(0.750000,0.000000): 10.000000 10.000000 0.000000 0.000000
(1.000000,0.000000): 10.000000 10.000000 0.000000 0.000000
(1.250000,0.000000): 10.000000 10.000000 0.000000 0.000000
(1.500000,0.000000): 10.000000 10.000000 0.000000 0.000000
(1.750000,0.000000): 10.000000 10.000000 0.000000 0.000000
(2.000000,0.000000): 10.000000 10.000000 0.000000 0.000000
(2.250000,0.000000): 10.000000 10.000000 0.000000 0.000000
(2.500000,0.000000): 10.000000 10.000000 0.000000 0.000000
(2.750000,0.000000): 10.000000 10.000000 0.000000 0.000000
(3.000000,0.000000): 10.000000 10.000000 0.000000 0.000000
(3.250000,0.000000): 10.000000 10.000000 0.000000 0.000000
(3.500000,0.000000): 10.000000 10.000000 0.000000 0.000000
(3.750000,0.000000): 10.000000 10.000000 0.000000 0.000000
(4.000000,0.000000): 10.000000 10.000000 0.000000 0.000000
(0.000000,0.250000): -1.104656 -1.433081 -1.176049 -5.924285
(0.250000,0.250000): 3.686757 3.633830 -6.421901 -5.759392
(0.500000,0.250000): 0.016000 8.499084 -1.246976 0.000000
(0.750000,0.250000): 10.000000 10.000000 0.000000 0.000000
(1.000000,0.250000): 10.000000 10.000000 0.000000 0.000000
(1.250000,0.250000): 10.000000 10.000000 0.000000 0.000000
(1.500000,0.250000): 10.000000 10.000000 0.000000 0.000000
(1.750000,0.250000): 10.000000 10.000000 0.000000 0.000000
(2.000000,0.250000): 10.000000 10.000000 0.000000 0.000000
(2.250000,0.250000): 10.000000 10.000000 0.000000 0.000000
(2.500000,0.250000): 10.000000 10.000000 0.000000 0.000000
(2.750000,0.250000): 10.000000 10.000000 0.000000 0.000000
(3.000000,0.250000): 10.000000 10.000000 0.000000 0.000000
(3.250000,0.250000): 10.000000 10.000000 0.000000 0.000000
(3.500000,0.250000): 10.000000 10.000000 0.000000 0.000000
(3.750000,0.250000): 10.000000 10.000000 0.000000 0.000000
(4.000000,0.250000): 10.000000 10.000000 0.000000 0.000000
(0.000000,0.500000): 3.627397 0.169224 -0.616036 1.130217
(0.250000,0.500000): 8.400658 4.125934 -1.431625 0.221118
(0.500000,0.500000): 5.217070 9.143116 3.515190 3.709685
(0.750000,0.500000): 0.215904 1.117531 3.710514 0.000000
(1.000000,0.500000): 5.726921 5.612432 0.000000 0.000000
(1.250000,0.500000): 6.559070 6.594123 0.000000 0.000000
(1.500000,0.500000): 6.671337 10.000000 0.000000 0.000000
(1.750000,0.500000): 6.775097 6.837722 0.000000 0.000000
(2.000000,0.500000): 6.869505 10.000000 0.000000 0.000000
(2.250000,0.500000): 6.953691 10.000000 0.000000 0.000000
(2.500000,0.500000): 2.000000 10.000000 0.000000 0.000000
(2.750000,0.500000): 10.000000 10.000000 0.000000 0.000000
(3.000000,0.500000): 10.000000 10.000000 0.000000 0.000000
(3.250000,0.500000): 10.000000 10.000000 0.000000 0.000000
(3.500000,0.500000): 10.000000 10.000000 0.000000 0.000000
(3.750000,0.500000): 10.000000 10.000000 0.000000 0.000000
(4.000000,0.500000): 10.000000 10.000000 0.000000 0.000000
(0.000000,0.750000): 4.429644 5.000320 -0.800000 -0.671390
(0.250000,0.750000): 9.143116 5.197718 -0.960000 0.000000
(0.500000,0.750000): 5.403806 5.405428 4.125642 8.389683
(0.750000,0.750000): 9.673621 5.623257 8.812786 0.000000
(1.000000,0.750000): 5.742926 11.106438 5.187654 4.312182
(1.250000,0.750000): 6.719756 11.385559 0.000000 0.000000
(1.500000,0.750000): 6.205267 6.251080 0.000000 0.000000
(1.750000,0.750000): 2.000000 2.000000 0.000000 4.671337
(2.000000,0.750000): 10.000000 10.000000 0.000000 0.000000
(2.250000,0.750000): 10.000000 10.000000 0.000000 0.000000
(2.500000,0.750000): 10.000000 10.000000 0.000000 0.000000
(2.750000,0.750000): 10.000000 10.000000 0.000000 0.000000
(3.000000,0.750000): 10.000000 10.000000 0.000000 0.000000
(3.250000,0.750000): 10.000000 10.000000 0.000000 0.000000
(3.500000,0.750000): 10.000000 10.000000 0.000000 0.000000
(3.750000,0.750000): 10.000000 10.000000 0.000000 0.000000
(4.000000,0.750000): 10.000000 10.000000 0.000000 0.000000
(0.000000,1.000000): 5.039016 5.184711 0.000000 0.000000
(0.250000,1.000000): 4.507945 0.016000 -0.000000 0.000000
(0.500000,1.000000): 4.504782 0.016000 4.357715 9.143116
(0.750000,1.000000): 11.104518 0.080000 0.060800 4.323045
(1.000000,1.000000): 11.385746 5.930295 5.632484 9.672239
(1.250000,1.000000): 6.471845 6.110913 11.108205 5.742580
(1.500000,1.000000): 0.400000 2.000000 11.367196 5.852498
(1.750000,1.000000): 10.000000 10.000000 0.000000 0.000000
(2.000000,1.000000): 10.000000 10.000000 0.000000 0.000000
(2.250000,1.000000): 10.000000 10.000000 0.000000 0.000000
(2.500000,1.000000): 10.000000 10.000000 0.000000 0.000000
(2.750000,1.000000): 10.000000 10.000000 0.000000 0.000000
(3.000000,1.000000): 10.000000 10.000000 0.000000 0.000000
(3.250000,1.000000): 10.000000 10.000000 0.000000 0.000000
(3.500000,1.000000): 10.000000 10.000000 0.000000 0.000000
(3.750000,1.000000): 10.000000 10.000000 0.000000 0.000000
(4.000000,1.000000): 10.000000 10.000000 0.000000 0.000000
(0.000000,1.250000): 2.000000 5.471689 0.000000 0.000000
(0.250000,1.250000): 10.000000 10.000000 0.000000 0.000000
(0.500000,1.250000): 10.000000 10.000000 0.000000 0.000000
(0.750000,1.250000): 10.000000 10.000000 0.000000 0.000000
(1.000000,1.250000): 6.142025 6.251080 0.000000 11.084911
(1.250000,1.250000): 6.088358 9.998918 0.000000 4.744236
(1.500000,1.250000): 2.000000 10.000000 4.888730 0.000000
(1.750000,1.250000): 10.000000 10.000000 0.000000 0.000000
(2.000000,1.250000): 10.000000 10.000000 0.000000 0.000000
(2.250000,1.250000): 10.000000 10.000000 0.000000 0.000000
(2.500000,1.250000): 10.000000 10.000000 0.000000 0.000000
(2.750000,1.250000): 10.000000 10.000000 0.000000 0.000000
(3.000000,1.250000): 10.000000 10.000000 0.000000 0.000000
(3.250000,1.250000): 10.000000 10.000000 0.000000 0.000000
(3.500000,1.250000): 10.000000 10.000000 0.000000 0.000000
(3.750000,1.250000): 10.000000 10.000000 0.000000 0.000000
(4.000000,1.250000): 10.000000 10.000000 0.000000 0.000000
(0.000000,1.500000): 2.000000 6.328488 0.000000 0.000000
(0.250000,1.500000): 10.000000 10.000000 0.000000 0.000000
(0.500000,1.500000): 10.000000 10.000000 0.000000 0.000000
(0.750000,1.500000): 10.000000 10.000000 0.000000 0.000000
(1.000000,1.500000): 6.313215 6.400000 0.000000 0.000000
(1.250000,1.500000): 6.424225 6.446832 5.070936 4.888730
(1.500000,1.500000): 2.000000 6.663501 0.000000 0.000000
(1.750000,1.500000): 10.000000 10.000000 0.000000 0.000000
(2.000000,1.500000): 10.000000 10.000000 0.000000 0.000000
(2.250000,1.500000): 10.000000 10.000000 0.000000 0.000000
(2.500000,1.500000): 10.000000 10.000000 0.000000 0.000000
(2.750000,1.500000): 10.000000 10.000000 0.000000 0.000000
(3.000000,1.500000): 10.000000 10.000000 0.000000 0.000000
(3.250000,1.500000): 10.000000 10.000000 0.000000 0.000000
(3.500000,1.500000): 10.000000 10.000000 0.000000 0.000000
(3.750000,1.500000): 10.000000 10.000000 0.000000 0.000000
(4.000000,1.500000): 10.000000 10.000000 0.000000 0.000000
(0.000000,1.750000): 2.000000 10.000000 0.000000 0.000000
(0.250000,1.750000): 10.000000 10.000000 0.000000 0.000000
(0.500000,1.750000): 10.000000 10.000000 0.000000 0.000000
(0.750000,1.750000): 10.000000 10.000000 0.000000 0.000000
(1.000000,1.750000): 7.157466 7.115559 0.000000 4.875900
(1.250000,1.750000): 5.580120 8.499024 5.000000 0.000000
(1.500000,1.750000): 0.400000 2.000000 6.395258 0.000000
(1.750000,1.750000): 10.000000 10.000000 0.000000 0.000000
(2.000000,1.750000): 10.000000 10.000000 0.000000 0.000000
(2.250000,1.750000): 10.000000 10.000000 0.000000 0.000000
(2.500000,1.750000): 10.000000 10.000000 0.000000 0.000000
(2.750000,1.750000): 10.000000 10.000000 0.000000 0.000000
(3.000000,1.750000): 10.000000 10.000000 0.000000 0.000000
(3.250000,1.750000): 10.000000 10.000000 0.000000 0.000000
(3.500000,1.750000): 10.000000 10.000000 0.000000 0.000000
(3.750000,1.750000): 10.000000 10.000000 0.000000 0.000000
(4.000000,1.750000): 10.000000 10.000000 0.000000 0.000000
(0.000000,2.000000): 10.000000 10.000000 0.000000 0.000000
(0.250000,2.000000): 10.000000 10.000000 0.000000 0.000000
(0.500000,2.000000): 10.000000 10.000000 0.000000 0.000000
(0.750000,2.000000): 10.000000 10.000000 0.000000 0.000000
(1.000000,2.000000): 8.255647 7.221511 0.000000 0.000000
(1.250000,2.000000): 2.000000 6.740399 6.138671 6.188959
(1.500000,2.000000): 10.000000 10.000000 0.000000 0.000000
(1.750000,2.000000): 10.000000 10.000000 0.000000 0.000000
(2.000000,2.000000): 10.000000 10.000000 0.000000 0.000000
(2.250000,2.000000): 10.000000 10.000000 0.000000 0.000000
(2.500000,2.000000): 10.000000 10.000000 0.000000 0.000000
(2.750000,2.000000): 10.000000 10.000000 0.000000 0.000000
(3.000000,2.000000): 10.000000 10.000000 0.000000 0.000000
(3.250000,2.000000): 10.000000 10.000000 0.000000 0.000000
(3.500000,2.000000): 10.000000 10.000000 0.000000 0.000000
(3.750000,2.000000): 10.000000 10.000000 0.000000 0.000000
(4.000000,2.000000): 10.000000 10.000000 0.000000 0.000000
(0.000000,2.250000): 10.000000 10.000000 0.000000 0.000000
(0.250000,2.250000): 10.000000 10.000000 0.000000 0.000000
(0.500000,2.250000): 10.000000 10.000000 0.000000 0.000000
(0.750000,2.250000): 10.000000 10.000000 0.000000 0.000000
(1.000000,2.250000): 7.392319 10.000000 0.000000 0.000000
(1.250000,2.250000): 6.949338 13.013113 0.000000 0.000000
(1.500000,2.250000): 2.000000 5.642441 0.000000 0.000000
(1.750000,2.250000): 10.000000 10.000000 0.000000 0.000000
(2.000000,2.250000): 10.000000 10.000000 0.000000 0.000000
(2.250000,2.250000): 10.000000 10.000000 0.000000 0.000000
(2.500000,2.250000): 10.000000 10.000000 0.000000 0.000000
(2.750000,2.250000): 10.000000 10.000000 0.000000 0.000000
(3.000000,2.250000): 10.000000 10.000000 0.000000 0.000000
(3.250000,2.250000): 10.000000 10.000000 0.000000 0.000000
(3.500000,2.250000): 10.000000 10.000000 0.000000 0.000000
(3.750000,2.250000): 10.000000 10.000000 0.000000 0.000000
(4.000000,2.250000): 10.000000 10.000000 0.000000 0.000000
(0.000000,2.500000): 10.000000 10.000000 0.000000 0.000000
(0.250000,2.500000): 10.000000 10.000000 0.000000 0.000000
(0.500000,2.500000): 10.000000 10.000000 0.000000 0.000000
(0.750000,2.500000): 7.316718 10.000000 0.000000 0.000000
(1.000000,2.500000): 12.806201 10.000000 5.136436 0.000000
(1.250000,2.500000): 12.365279 6.979432 6.635265 6.470783
(1.500000,2.500000): 7.300163 7.205809 13.014753 5.558689
(1.750000,2.500000): 7.600000 7.529049 0.000000 0.000000
(2.000000,2.500000): 8.156091 8.113204 0.000000 0.000000
(2.250000,2.500000): 10.000000 2.000000 0.000000 0.000000
(2.500000,2.500000): 10.000000 10.000000 0.000000 0.000000
(2.750000,2.500000): 10.000000 10.000000 0.000000 0.000000
(3.000000,2.500000): 10.000000 10.000000 0.000000 0.000000
(3.250000,2.500000): 10.000000 10.000000 0.000000 0.000000
(3.500000,2.500000): 10.000000 10.000000 0.000000 0.000000
(3.750000,2.500000): 10.000000 10.000000 0.000000 0.000000
(4.000000,2.500000): 10.000000 10.000000 0.000000 0.000000
(0.000000,2.750000): 10.000000 10.000000 0.000000 0.000000
(0.250000,2.750000): 10.000000 10.000000 0.000000 0.000000
(0.500000,2.750000): 10.000000 10.000000 0.000000 0.000000
(0.750000,2.750000): 10.000000 10.000000 0.000000 0.000000
(1.000000,2.750000): 7.583391 10.000000 0.000000 0.000000
(1.250000,2.750000): 7.205094 7.097234 5.400000 0.000000
(1.500000,2.750000): 7.426125 7.328958 6.700069 0.000000
(1.750000,2.750000): 7.645278 7.541725 0.000000 5.836669
(2.000000,2.750000): 7.852860 2.000000 0.000000 0.000000
(2.250000,2.750000): 0.400000 0.400000 0.000000 0.000000
(2.500000,2.750000): 10.000000 10.000000 0.000000 0.000000
(2.750000,2.750000): 10.000000 10.000000 0.000000 0.000000
(3.000000,2.750000): 10.000000 10.000000 0.000000 0.000000
(3.250000,2.750000): 10.000000 10.000000 0.000000 0.000000
(3.500000,2.750000): 10.000000 10.000000 0.000000 0.000000
(3.750000,2.750000): 10.000000 10.000000 0.000000 0.000000
(4.000000,2.750000): 10.000000 10.000000 0.000000 0.000000
(0.000000,3.000000): 10.000000 10.000000 0.000000 0.000000
(0.250000,3.000000): 10.000000 10.000000 0.000000 0.000000
(0.500000,3.000000): 10.000000 10.000000 0.000000 0.000000
(0.750000,3.000000): 10.000000 10.000000 0.000000 0.000000
(1.000000,3.000000): 10.000000 10.000000 0.000000 0.000000
(1.250000,3.000000): 2.000000 2.000000 0.000000 5.583391
(1.500000,3.000000): 2.000000 2.000000 0.000000 5.763932
(1.750000,3.000000): 7.781821 2.000000 0.000000 0.000000
(2.000000,3.000000): 0.400000 2.000000 0.000000 0.000000
(2.250000,3.000000): 10.000000 10.000000 0.000000 0.000000
(2.500000,3.000000): 10.000000 10.000000 0.000000 0.000000
(2.750000,3.000000): 10.000000 10.000000 0.000000 0.000000
(3.000000,3.000000): 10.000000 10.000000 0.000000 0.000000
(3.250000,3.000000): 10.000000 10.000000 0.000000 0.000000
(3.500000,3.000000): 10.000000 10.000000 0.000000 0.000000
(3.750000,3.000000): 10.000000 10.000000 0.000000 0.000000
(4.000000,3.000000): 10.000000 10.000000 0.000000 0.000000
(0.000000,3.250000): 10.000000 10.000000 0.000000 0.000000
(0.250000,3.250000): 10.000000 10.000000 0.000000 0.000000
(0.500000,3.250000): 10.000000 10.000000 0.000000 0.000000
(0.750000,3.250000): 10.000000 10.000000 0.000000 0.000000
(1.000000,3.250000): 10.000000 10.000000 0.000000 0.000000
(1.250000,3.250000): 10.000000 10.000000 0.000000 0.000000
(1.500000,3.250000): 10.000000 10.000000 0.000000 0.000000
(1.750000,3.250000): 10.000000 10.000000 0.000000 0.000000
(2.000000,3.250000): 10.000000 10.000000 0.000000 0.000000
(2.250000,3.250000): 10.000000 10.000000 0.000000 0.000000
(2.500000,3.250000): 10.000000 10.000000 0.000000 0.000000
(2.750000,3.250000): 10.000000 10.000000 0.000000 0.000000
(3.000000,3.250000): 10.000000 10.000000 0.000000 0.000000
(3.250000,3.250000): 10.000000 10.000000 0.000000 0.000000
(3.500000,3.250000): 10.000000 10.000000 0.000000 0.000000
(3.750000,3.250000): 10.000000 10.000000 0.000000 0.000000
(4.000000,3.250000): 10.000000 10.000000 0.000000 0.000000
(0.000000,3.500000): 10.000000 10.000000 0.000000 0.000000
(0.250000,3.500000): 10.000000 10.000000 0.000000 0.000000
(0.500000,3.500000): 10.000000 10.000000 0.000000 0.000000
(0.750000,3.500000): 10.000000 10.000000 0.000000 0.000000
(1.000000,3.500000): 10.000000 10.000000 0.000000 0.000000
(1.250000,3.500000): 10.000000 10.000000 0.000000 0.000000
(1.500000,3.500000): 10.000000 10.000000 0.000000 0.000000
(1.750000,3.500000): 10.000000 10.000000 0.000000 0.000000
(2.000000,3.500000): 10.000000 10.000000 0.000000 0.000000
(2.250000,3.500000): 10.000000 10.000000 0.000000 0.000000
(2.500000,3.500000): 10.000000 10.000000 0.000000 0.000000
(2.750000,3.500000): 10.000000 10.000000 0.000000 0.000000
(3.000000,3.500000): 10.000000 10.000000 0.000000 0.000000
(3.250000,3.500000): 10.000000 10.000000 0.000000 0.000000
(3.500000,3.500000): 10.000000 10.000000 0.000000 0.000000
(3.750000,3.500000): 10.000000 10.000000 0.000000 0.000000
(4.000000,3.500000): 10.000000 10.000000 0.000000 0.000000
(0.000000,3.750000): 10.000000 10.000000 0.000000 0.000000
(0.250000,3.750000): 10.000000 10.000000 0.000000 0.000000
(0.500000,3.750000): 10.000000 10.000000 0.000000 0.000000
(0.750000,3.750000): 10.000000 10.000000 0.000000 0.000000
(1.000000,3.750000): 10.000000 10.000000 0.000000 0.000000
(1.250000,3.750000): 10.000000 10.000000 0.000000 0.000000
(1.500000,3.750000): 10.000000 10.000000 0.000000 0.000000
(1.750000,3.750000): 10.000000 10.000000 0.000000 0.000000
(2.000000,3.750000): 10.000000 10.000000 0.000000 0.000000
(2.250000,3.750000): 10.000000 10.000000 0.000000 0.000000
(2.500000,3.750000): 10.000000 10.000000 0.000000 0.000000
(2.750000,3.750000): 10.000000 10.000000 0.000000 0.000000
(3.000000,3.750000): 10.000000 10.000000 0.000000 0.000000
(3.250000,3.750000): 10.000000 10.000000 0.000000 0.000000
(3.500000,3.750000): 10.000000 10.000000 0.000000 0.000000
(3.750000,3.750000): 10.000000 10.000000 0.000000 0.000000
(4.000000,3.750000): 10.000000 10.000000 0.000000 0.000000
(0.000000,4.000000): 10.000000 10.000000 0.000000 0.000000
(0.250000,4.000000): 10.000000 10.000000 0.000000 0.000000
(0.500000,4.000000): 10.000000 10.000000 0.000000 0.000000
(0.750000,4.000000): 10.000000 10.000000 0.000000 0.000000
(1.000000,4.000000): 10.000000 10.000000 0.000000 0.000000
(1.250000,4.000000): 10.000000 10.000000 0.000000 0.000000
(1.500000,4.000000): 10.000000 10.000000 0.000000 0.000000
(1.750000,4.000000): 10.000000 10.000000 0.000000 0.000000
(2.000000,4.000000): 10.000000 10.000000 0.000000 0.000000
(2.250000,4.000000): 10.000000 10.000000 0.000000 0.000000
(2.500000,4.000000): 10.000000 10.000000 0.000000 0.000000
(2.750000,4.000000): 10.000000 10.000000 0.000000 0.000000
(3.000000,4.000000): 10.000000 10.000000 0.000000 0.000000
(3.250000,4.000000): 10.000000 10.000000 0.000000 0.000000
(3.500000,4.000000): 10.000000 10.000000 0.000000 0.000000
(3.750000,4.000000): 10.000000 10.000000 0.000000 0.000000
(4.000000,4.000000): 10.000000 10.000000 0.000000 0.000000
