(0.000000,0.000000): -4.608000 -1.382400 -1.382400 -1.382400
(0.250000,0.000000): -19.200001 0.000000 0.000000 0.000000
(0.500000,0.000000): -80.000000 -80.000000 0.000000 0.000000
(0.750000,0.000000): 0.000000 0.000000 0.000000 0.000000
(1.000000,0.000000): 0.000000 0.000000 0.000000 0.000000
(1.250000,0.000000): 0.000000 0.000000 0.000000 0.000000
(1.500000,0.000000): 0.000000 0.000000 0.000000 0.000000
(1.750000,0.000000): 0.000000 0.000000 0.000000 0.000000
(2.000000,0.000000): 0.000000 0.000000 0.000000 0.000000
(2.250000,0.000000): 0.000000 0.000000 0.000000 0.000000
(2.500000,0.000000): 0.000000 0.000000 0.000000 0.000000
(2.750000,0.000000): 0.000000 0.000000 0.000000 0.000000
(3.000000,0.000000): 0.000000 0.000000 0.000000 0.000000
(3.250000,0.000000): 0.000000 0.000000 0.000000 0.000000
(3.500000,0.000000): 0.000000 0.000000 0.000000 0.000000
(3.750000,0.000000): 0.000000 0.000000 0.000000 0.000000
(4.000000,0.000000): 0.000000 0.000000 0.000000 0.000000
(0.000000,0.250000): -4.608000 -0.331246 -1.105920 -1.105920
(0.250000,0.250000): -19.200001 -1.105920 0.000000 0.000000
(0.500000,0.250000): -80.000000 -4.608000 0.000000 0.000000
(0.750000,0.250000): 0.000000 0.000000 0.000000 0.000000
(1.000000,0.250000): 0.000000 0.000000 0.000000 0.000000
(1.250000,0.250000): 0.000000 0.000000 0.000000 0.000000
(1.500000,0.250000): 0.000000 0.000000 0.000000 0.000000
(1.750000,0.250000): 0.000000 0.000000 0.000000 0.000000
(2.000000,0.250000): 0.000000 0.000000 0.000000 0.000000
(2.250000,0.250000): 0.000000 0.000000 0.000000 0.000000
(2.500000,0.250000): 0.000000 0.000000 0.000000 0.000000
(2.750000,0.250000): 0.000000 0.000000 0.000000 0.000000
(3.000000,0.250000): 0.000000 0.000000 0.000000 0.000000
(3.250000,0.250000): 0.000000 0.000000 0.000000 0.000000
(3.500000,0.250000): 0.000000 0.000000 0.000000 0.000000
(3.750000,0.250000): 0.000000 0.000000 0.000000 0.000000
(4.000000,0.250000): 0.000000 0.000000 0.000000 0.000000
(0.000000,0.500000): -1.118696 -5.979552 -0.265463 -1.105920
(0.250000,0.500000): -0.266165 -5.714654 -0.265421 -4.608000
(0.500000,0.500000): -0.001057 -0.015288 -1.105920 -19.200001
(0.750000,0.500000): -0.003669 -0.063701 0.000000 0.000000
(1.000000,0.500000): -0.015288 0.000000 0.000000 0.000000
(1.250000,0.500000): -0.063701 0.000000 0.000000 0.000000
(1.500000,0.500000): -0.265421 0.000000 0.000000 0.000000
(1.750000,0.500000): -1.105920 -80.000000 0.000000 0.000000
(2.000000,0.500000): -4.608000 -80.000000 0.000000 0.000000
(2.250000,0.500000): -19.200001 0.000000 0.000000 0.000000
(2.500000,0.500000): -80.000000 -80.000000 0.000000 0.000000
(2.750000,0.500000): 0.000000 0.000000 0.000000 0.000000
(3.000000,0.500000): 0.000000 0.000000 0.000000 0.000000
(3.250000,0.500000): 0.000000 0.000000 0.000000 0.000000
(3.500000,0.500000): 0.000000 0.000000 0.000000 0.000000
(3.750000,0.500000): 0.000000 0.000000 0.000000 0.000000
(4.000000,0.500000): 0.000000 0.000000 0.000000 0.000000
(0.000000,0.750000): -5.714654 -24.913919 -5.979341 -1.435093
(0.250000,0.750000): -0.015288 -23.808001 -5.979341 -1.371517
(0.500000,0.750000): -0.063701 -19.200001 0.000000 0.000000
(0.750000,0.750000): -0.265421 0.000000 0.000000 0.000000
(1.000000,0.750000): -1.105920 0.000000 0.000000 0.000000
(1.250000,0.750000): -4.608000 0.000000 0.000000 0.000000
(1.500000,0.750000): -19.200001 -80.000000 0.000000 0.000000
(1.750000,0.750000): -80.000000 -80.000000 0.000000 0.000000
(2.000000,0.750000): 0.000000 0.000000 0.000000 0.000000
(2.250000,0.750000): 0.000000 0.000000 0.000000 0.000000
(2.500000,0.750000): 0.000000 0.000000 0.000000 0.000000
(2.750000,0.750000): 0.000000 0.000000 0.000000 0.000000
(3.000000,0.750000): 0.000000 0.000000 0.000000 0.000000
(3.250000,0.750000): 0.000000 0.000000 0.000000 0.000000
(3.500000,0.750000): -80.000000 0.000000 0.000000 0.000000
(3.750000,0.750000): 0.000000 0.000000 0.000000 0.000000
(4.000000,0.750000): 0.000000 0.000000 0.000000 0.000000
(0.000000,1.000000): -103.807999 0.000000 0.000000 0.000000
(0.250000,1.000000): -99.199997 -80.000000 0.000000 0.000000
(0.500000,1.000000): -80.000000 -80.000000 0.000000 0.000000
(0.750000,1.000000): -1.105920 0.000000 0.000000 0.000000
(1.000000,1.000000): -4.608000 0.000000 0.000000 0.000000
(1.250000,1.000000): -19.200001 0.000000 0.000000 0.000000
(1.500000,1.000000): -80.000000 -80.000000 0.000000 0.000000
(1.750000,1.000000): 0.000000 0.000000 0.000000 0.000000
(2.000000,1.000000): 0.000000 0.000000 0.000000 0.000000
(2.250000,1.000000): 0.000000 0.000000 0.000000 0.000000
(2.500000,1.000000): 0.000000 0.000000 0.000000 0.000000
(2.750000,1.000000): 0.000000 0.000000 0.000000 0.000000
(3.000000,1.000000): 0.000000 0.000000 0.000000 0.000000
(3.250000,1.000000): 0.000000 0.000000 0.000000 0.000000
(3.500000,1.000000): 0.000000 0.000000 0.000000 0.000000
(3.750000,1.000000): 0.000000 0.000000 0.000000 0.000000
(4.000000,1.000000): 0.000000 0.000000 0.000000 0.000000
(0.000000,1.250000): -80.000000 0.000000 0.000000 0.000000
(0.250000,1.250000): 0.000000 0.000000 0.000000 0.000000
(0.500000,1.250000): 0.000000 0.000000 0.000000 0.000000
(0.750000,1.250000): 0.000000 0.000000 0.000000 0.000000
(1.000000,1.250000): -19.200001 0.000000 0.000000 0.000000
(1.250000,1.250000): -80.000000 0.000000 0.000000 0.000000
(1.500000,1.250000): 0.000000 0.000000 0.000000 0.000000
(1.750000,1.250000): 0.000000 0.000000 0.000000 0.000000
(2.000000,1.250000): 0.000000 0.000000 0.000000 0.000000
(2.250000,1.250000): 0.000000 0.000000 0.000000 0.000000
(2.500000,1.250000): 0.000000 0.000000 0.000000 0.000000
(2.750000,1.250000): 0.000000 0.000000 0.000000 0.000000
(3.000000,1.250000): 0.000000 0.000000 0.000000 0.000000
(3.250000,1.250000): 0.000000 0.000000 0.000000 0.000000
(3.500000,1.250000): 0.000000 0.000000 0.000000 0.000000
(3.750000,1.250000): 0.000000 0.000000 0.000000 0.000000
(4.000000,1.250000): 0.000000 0.000000 0.000000 0.000000
(0.000000,1.500000): 0.000000 0.000000 0.000000 0.000000
(0.250000,1.500000): 0.000000 0.000000 0.000000 0.000000
(0.500000,1.500000): 0.000000 0.000000 0.000000 0.000000
(0.750000,1.500000): 0.000000 0.000000 0.000000 0.000000
(1.000000,1.500000): 0.000000 0.000000 0.000000 0.000000
(1.250000,1.500000): 0.000000 0.000000 0.000000 0.000000
(1.500000,1.500000): -80.000000 0.000000 0.000000 0.000000
(1.750000,1.500000): 0.000000 0.000000 0.000000 0.000000
(2.000000,1.500000): 0.000000 0.000000 0.000000 0.000000
(2.250000,1.500000): 0.000000 0.000000 0.000000 0.000000
(2.500000,1.500000): 0.000000 0.000000 0.000000 0.000000
(2.750000,1.500000): 0.000000 0.000000 0.000000 0.000000
(3.000000,1.500000): 0.000000 0.000000 0.000000 0.000000
(3.250000,1.500000): 0.000000 0.000000 0.000000 0.000000
(3.500000,1.500000): 0.000000 0.000000 0.000000 0.000000
(3.750000,1.500000): 0.000000 0.000000 0.000000 0.000000
(4.000000,1.500000): 0.000000 0.000000 0.000000 0.000000
(0.000000,1.750000): 0.000000 0.000000 0.000000 0.000000
(0.250000,1.750000): 0.000000 0.000000 0.000000 0.000000
(0.500000,1.750000): 0.000000 0.000000 0.000000 0.000000
(0.750000,1.750000): 0.000000 0.000000 0.000000 0.000000
(1.000000,1.750000): 0.000000 0.000000 0.000000 0.000000
(1.250000,1.750000): 0.000000 0.000000 0.000000 0.000000
(1.500000,1.750000): 0.000000 0.000000 0.000000 0.000000
(1.750000,1.750000): 0.000000 0.000000 0.000000 0.000000
(2.000000,1.750000): 0.000000 0.000000 0.000000 0.000000
(2.250000,1.750000): 0.000000 0.000000 0.000000 0.000000
(2.500000,1.750000): 0.000000 0.000000 0.000000 0.000000
(2.750000,1.750000): 0.000000 0.000000 0.000000 0.000000
(3.000000,1.750000): 0.000000 0.000000 0.000000 0.000000
(3.250000,1.750000): 0.000000 0.000000 0.000000 0.000000
(3.500000,1.750000): 0.000000 0.000000 0.000000 0.000000
(3.750000,1.750000): 0.000000 0.000000 0.000000 0.000000
(4.000000,1.750000): 0.000000 0.000000 0.000000 0.000000
(0.000000,2.000000): 0.000000 0.000000 0.000000 0.000000
(0.250000,2.000000): 0.000000 0.000000 0.000000 0.000000
(0.500000,2.000000): 0.000000 0.000000 0.000000 0.000000
(0.750000,2.000000): 0.000000 0.000000 0.000000 0.000000
(1.000000,2.000000): 0.000000 0.000000 0.000000 0.000000
(1.250000,2.000000): 0.000000 0.000000 0.000000 0.000000
(1.500000,2.000000): 0.000000 0.000000 0.000000 0.000000
(1.750000,2.000000): 0.000000 0.000000 0.000000 0.000000
(2.000000,2.000000): 0.000000 0.000000 0.000000 0.000000
(2.250000,2.000000): 0.000000 0.000000 0.000000 0.000000
(2.500000,2.000000): 0.000000 0.000000 0.000000 0.000000
(2.750000,2.000000): 0.000000 0.000000 0.000000 0.000000
(3.000000,2.000000): 0.000000 0.000000 0.000000 0.000000
(3.250000,2.000000): 0.000000 0.000000 0.000000 0.000000
(3.500000,2.000000): 0.000000 0.000000 0.000000 0.000000
(3.750000,2.000000): 0.000000 0.000000 0.000000 0.000000
(4.000000,2.000000): 0.000000 0.000000 0.000000 0.000000
(0.000000,2.250000): 0.000000 0.000000 0.000000 0.000000
(0.250000,2.250000): 0.000000 0.000000 0.000000 0.000000
(0.500000,2.250000): 0.000000 0.000000 0.000000 0.000000
(0.750000,2.250000): 0.000000 0.000000 0.000000 0.000000
(1.000000,2.250000): 0.000000 0.000000 0.000000 0.000000
(1.250000,2.250000): 0.000000 0.000000 0.000000 0.000000
(1.500000,2.250000): 0.000000 0.000000 0.000000 0.000000
(1.750000,2.250000): 0.000000 0.000000 0.000000 0.000000
(2.000000,2.250000): 0.000000 0.000000 0.000000 0.000000
(2.250000,2.250000): 0.000000 0.000000 0.000000 0.000000
(2.500000,2.250000): 0.000000 0.000000 0.000000 0.000000
(2.750000,2.250000): 0.000000 0.000000 0.000000 0.000000
(3.000000,2.250000): 0.000000 0.000000 0.000000 0.000000
(3.250000,2.250000): 0.000000 0.000000 0.000000 0.000000
(3.500000,2.250000): 0.000000 0.000000 0.000000 0.000000
(3.750000,2.250000): 0.000000 0.000000 0.000000 0.000000
(4.000000,2.250000): 0.000000 0.000000 0.000000 0.000000
(0.000000,2.500000): 0.000000 0.000000 0.000000 0.000000
(0.250000,2.500000): 0.000000 0.000000 0.000000 0.000000
(0.500000,2.500000): 0.000000 0.000000 0.000000 0.000000
(0.750000,2.500000): 0.000000 0.000000 0.000000 0.000000
(1.000000,2.500000): 0.000000 0.000000 0.000000 0.000000
(1.250000,2.500000): 0.000000 0.000000 0.000000 0.000000
(1.500000,2.500000): 0.000000 0.000000 0.000000 0.000000
(1.750000,2.500000): 0.000000 0.000000 0.000000 0.000000
(2.000000,2.500000): 0.000000 0.000000 0.000000 0.000000
(2.250000,2.500000): 0.000000 0.000000 0.000000 0.000000
(2.500000,2.500000): 0.000000 0.000000 0.000000 0.000000
(2.750000,2.500000): 0.000000 0.000000 0.000000 0.000000
(3.000000,2.500000): 0.000000 0.000000 0.000000 0.000000
(3.250000,2.500000): 0.000000 0.000000 0.000000 0.000000
(3.500000,2.500000): 0.000000 0.000000 0.000000 0.000000
(3.750000,2.500000): 0.000000 0.000000 0.000000 0.000000
(4.000000,2.500000): 0.000000 0.000000 0.000000 0.000000
(0.000000,2.750000): 0.000000 0.000000 0.000000 0.000000
(0.250000,2.750000): 0.000000 0.000000 0.000000 0.000000
(0.500000,2.750000): 0.000000 0.000000 0.000000 0.000000
(0.750000,2.750000): 0.000000 0.000000 0.000000 0.000000
(1.000000,2.750000): 0.000000 0.000000 0.000000 0.000000
(1.250000,2.750000): 0.000000 0.000000 0.000000 0.000000
(1.500000,2.750000): 0.000000 0.000000 0.000000 0.000000
(1.750000,2.750000): 0.000000 0.000000 0.000000 0.000000
(2.000000,2.750000): 0.000000 0.000000 0.000000 0.000000
(2.250000,2.750000): 0.000000 0.000000 0.000000 0.000000
(2.500000,2.750000): 0.000000 0.000000 0.000000 0.000000
(2.750000,2.750000): 0.000000 0.000000 0.000000 0.000000
(3.000000,2.750000): 0.000000 0.000000 0.000000 0.000000
(3.250000,2.750000): 0.000000 0.000000 0.000000 0.000000
(3.500000,2.750000): 0.000000 0.000000 0.000000 0.000000
(3.750000,2.750000): 0.000000 0.000000 0.000000 0.000000
(4.000000,2.750000): 0.000000 0.000000 0.000000 0.000000
(0.000000,3.000000): 0.000000 0.000000 0.000000 0.000000
(0.250000,3.000000): 0.000000 0.000000 0.000000 0.000000
(0.500000,3.000000): 0.000000 0.000000 0.000000 0.000000
(0.750000,3.000000): 0.000000 0.000000 0.000000 0.000000
(1.000000,3.000000): 0.000000 0.000000 0.000000 0.000000
(1.250000,3.000000): 0.000000 0.000000 0.000000 0.000000
(1.500000,3.000000): 0.000000 0.000000 0.000000 0.000000
(1.750000,3.000000): 0.000000 0.000000 0.000000 0.000000
(2.000000,3.000000): 0.000000 0.000000 0.000000 0.000000
(2.250000,3.000000): 0.000000 0.000000 0.000000 0.000000
(2.500000,3.000000): 0.000000 0.000000 0.000000 0.000000
(2.750000,3.000000): 0.000000 0.000000 0.000000 0.000000
(3.000000,3.000000): 0.000000 0.000000 0.000000 0.000000
(3.250000,3.000000): 0.000000 0.000000 0.000000 0.000000
(3.500000,3.000000): 0.000000 0.000000 0.000000 0.000000
(3.750000,3.000000): 0.000000 0.000000 0.000000 0.000000
(4.000000,3.000000): 0.000000 0.000000 0.000000 0.000000
(0.000000,3.250000): 0.000000 0.000000 0.000000 0.000000
(0.250000,3.250000): 0.000000 0.000000 0.000000 0.000000
(0.500000,3.250000): 0.000000 0.000000 0.000000 0.000000
(0.750000,3.250000): 0.000000 0.000000 0.000000 0.000000
(1.000000,3.250000): 0.000000 0.000000 0.000000 0.000000
(1.250000,3.250000): 0.000000 0.000000 0.000000 0.000000
(1.500000,3.250000): 0.000000 0.000000 0.000000 0.000000
(1.750000,3.250000): 0.000000 0.000000 0.000000 0.000000
(2.000000,3.250000): 0.000000 0.000000 0.000000 0.000000
(2.250000,3.250000): 0.000000 0.000000 0.000000 0.000000
(2.500000,3.250000): 0.000000 0.000000 0.000000 0.000000
(2.750000,3.250000): 0.000000 0.000000 0.000000 0.000000
(3.000000,3.250000): 0.000000 0.000000 0.000000 0.000000
(3.250000,3.250000): 0.000000 0.000000 0.000000 0.000000
(3.500000,3.250000): 0.000000 0.000000 0.000000 0.000000
(3.750000,3.250000): 0.000000 0.000000 0.000000 0.000000
(4.000000,3.250000): 0.000000 0.000000 0.000000 0.000000
(0.000000,3.500000): 0.000000 0.000000 0.000000 0.000000
(0.250000,3.500000): 0.000000 0.000000 0.000000 0.000000
(0.500000,3.500000): 0.000000 0.000000 0.000000 0.000000
(0.750000,3.500000): 0.000000 0.000000 0.000000 0.000000
(1.000000,3.500000): 0.000000 0.000000 0.000000 0.000000
(1.250000,3.500000): 0.000000 0.000000 0.000000 0.000000
(1.500000,3.500000): 0.000000 0.000000 0.000000 0.000000
(1.750000,3.500000): 0.000000 0.000000 0.000000 0.000000
(2.000000,3.500000): 0.000000 0.000000 0.000000 0.000000
(2.250000,3.500000): 0.000000 0.000000 0.000000 0.000000
(2.500000,3.500000): 0.000000 0.000000 0.000000 0.000000
(2.750000,3.500000): 0.000000 0.000000 0.000000 0.000000
(3.000000,3.500000): 0.000000 0.000000 0.000000 0.000000
(3.250000,3.500000): 0.000000 0.000000 0.000000 0.000000
(3.500000,3.500000): 0.000000 0.000000 0.000000 0.000000
(3.750000,3.500000): 0.000000 0.000000 0.000000 0.000000
(4.000000,3.500000): 0.000000 0.000000 0.000000 0.000000
(0.000000,3.750000): 0.000000 0.000000 0.000000 0.000000
(0.250000,3.750000): 0.000000 0.000000 0.000000 0.000000
(0.500000,3.750000): 0.000000 0.000000 0.000000 0.000000
(0.750000,3.750000): 0.000000 0.000000 0.000000 0.000000
(1.000000,3.750000): 0.000000 0.000000 0.000000 0.000000
(1.250000,3.750000): 0.000000 0.000000 0.000000 0.000000
(1.500000,3.750000): 0.000000 0.000000 0.000000 0.000000
(1.750000,3.750000): 0.000000 0.000000 0.000000 0.000000
(2.000000,3.750000): 0.000000 0.000000 0.000000 0.000000
(2.250000,3.750000): 0.000000 0.000000 0.000000 0.000000
(2.500000,3.750000): 0.000000 0.000000 0.000000 0.000000
(2.750000,3.750000): 0.000000 0.000000 0.000000 0.000000
(3.000000,3.750000): 0.000000 0.000000 0.000000 0.000000
(3.250000,3.750000): 0.000000 0.000000 0.000000 0.000000
(3.500000,3.750000): 0.000000 0.000000 0.000000 0.000000
(3.750000,3.750000): 0.000000 0.000000 0.000000 0.000000
(4.000000,3.750000): 0.000000 0.000000 0.000000 0.000000
(0.000000,4.000000): 0.000000 0.000000 0.000000 0.000000
(0.250000,4.000000): 0.000000 0.000000 0.000000 0.000000
(0.500000,4.000000): 0.000000 0.000000 0.000000 0.000000
(0.750000,4.000000): 0.000000 0.000000 0.000000 0.000000
(1.000000,4.000000): 0.000000 0.000000 0.000000 0.000000
(1.250000,4.000000): 0.000000 0.000000 0.000000 0.000000
(1.500000,4.000000): 0.000000 0.000000 0.000000 0.000000
(1.750000,4.000000): 0.000000 0.000000 0.000000 0.000000
(2.000000,4.000000): 0.000000 0.000000 0.000000 0.000000
(2.250000,4.000000): 0.000000 0.000000 0.000000 0.000000
(2.500000,4.000000): 0.000000 0.000000 0.000000 0.000000
(2.750000,4.000000): 0.000000 0.000000 0.000000 0.000000
(3.000000,4.000000): 0.000000 0.000000 0.000000 0.000000
(3.250000,4.000000): 0.000000 0.000000 0.000000 0.000000
(3.500000,4.000000): 0.000000 0.000000 0.000000 0.000000
(3.750000,4.000000): 0.000000 0.000000 0.000000 0.000000
(4.000000,4.000000): 0.000000 0.000000 0.000000 0.000000
