(0.000000,0.000000): -0.474374 -0.657354 -1.188396 -1.143002
(0.250000,0.000000): -0.285056 1.752086 0.000000 -0.934224
(0.500000,0.000000): 2.012800 0.400123 0.000000 0.000000
(0.750000,0.000000): 10.000000 10.000000 0.000000 0.000000
(1.000000,0.000000): 10.000000 10.000000 0.000000 0.000000
(1.250000,0.000000): 10.000000 10.000000 0.000000 0.000000
(1.500000,0.000000): 10.000000 10.000000 0.000000 0.000000
(1.750000,0.000000): 10.000000 10.000000 0.000000 0.000000
(2.000000,0.000000): 10.000000 10.000000 0.000000 0.000000
(2.250000,0.000000): 10.000000 10.000000 0.000000 0.000000
(2.500000,0.000000): 10.000000 10.000000 0.000000 0.000000
(2.750000,0.000000): 10.000000 10.000000 0.000000 0.000000
(3.000000,0.000000): 10.000000 10.000000 0.000000 0.000000
(3.250000,0.000000): 10.000000 10.000000 0.000000 0.000000
(3.500000,0.000000): 10.000000 10.000000 0.000000 0.000000
(3.750000,0.000000): 10.000000 10.000000 0.000000 0.000000
(4.000000,0.000000): 10.000000 10.000000 0.000000 0.000000
(0.000000,0.250000): 1.751967 -0.777369 -0.379642 -1.224421
(0.250000,0.250000): 1.815248 1.715888 -0.474479 -0.740068
(0.500000,0.250000): 2.000000 1.944420 1.401650 -0.304640
(0.750000,0.250000): 10.000000 10.000000 0.000000 0.000000
(1.000000,0.250000): 10.000000 10.000000 0.000000 0.000000
(1.250000,0.250000): 10.000000 10.000000 0.000000 0.000000
(1.500000,0.250000): 10.000000 10.000000 0.000000 0.000000
(1.750000,0.250000): 10.000000 10.000000 0.000000 0.000000
(2.000000,0.250000): 5.418678 10.000000 0.000000 0.000000
(2.250000,0.250000): 5.424752 10.000000 0.000000 0.000000
(2.500000,0.250000): 3.600000 10.000000 0.000000 0.000000
(2.750000,0.250000): 10.000000 10.000000 0.000000 0.000000
(3.000000,0.250000): 10.000000 10.000000 0.000000 0.000000
(3.250000,0.250000): 10.000000 10.000000 0.000000 0.000000
(3.500000,0.250000): 10.000000 10.000000 0.000000 0.000000
(3.750000,0.250000): 10.000000 10.000000 0.000000 0.000000
(4.000000,0.250000): 10.000000 10.000000 0.000000 0.000000
(0.000000,0.500000): 1.552708 0.169600 0.000000 0.000000
(0.250000,0.500000): 1.990098 1.022447 0.000000 1.481630
(0.500000,0.500000): 2.543837 1.946002 1.662241 1.042482
(0.750000,0.500000): 3.145251 2.872072 2.405668 1.600000
(1.000000,0.500000): 5.401520 3.068358 1.741181 0.000000
(1.250000,0.500000): 5.409396 10.000000 0.000000 0.000000
(1.500000,0.500000): 5.417342 10.000000 0.000000 0.000000
(1.750000,0.500000): 5.425239 10.000000 0.000000 0.000000
(2.000000,0.500000): 10.000000 10.000000 0.000000 3.412225
(2.250000,0.500000): 10.000000 10.000000 0.000000 0.000000
(2.500000,0.500000): 10.000000 10.000000 0.000000 0.000000
(2.750000,0.500000): 10.000000 10.000000 0.000000 0.000000
(3.000000,0.500000): 10.000000 10.000000 0.000000 0.000000
(3.250000,0.500000): 10.000000 10.000000 0.000000 0.000000
(3.500000,0.500000): 10.000000 10.000000 0.000000 0.000000
(3.750000,0.500000): 10.000000 10.000000 0.000000 0.000000
(4.000000,0.500000): 10.000000 10.000000 0.000000 0.000000
(0.000000,0.750000): 1.407332 0.784000 1.600000 0.000000
(0.250000,0.750000): 1.946028 1.483397 0.000000 0.471396
(0.500000,0.750000): 3.289687 3.289556 0.000000 0.000000
(0.750000,0.750000): 1.950278 3.129599 0.000000 0.000000
(1.000000,0.750000): 4.411328 3.293795 1.066376 0.000000
(1.250000,0.750000): 4.413254 10.000000 2.409599 0.000000
(1.500000,0.750000): 4.415360 10.000000 0.000000 0.000000
(1.750000,0.750000): 3.600000 10.000000 0.000000 0.000000
(2.000000,0.750000): 10.000000 10.000000 0.000000 0.000000
(2.250000,0.750000): 10.000000 10.000000 0.000000 0.000000
(2.500000,0.750000): 10.000000 10.000000 0.000000 0.000000
(2.750000,0.750000): 10.000000 10.000000 0.000000 0.000000
(3.000000,0.750000): 10.000000 10.000000 0.000000 0.000000
(3.250000,0.750000): 10.000000 10.000000 0.000000 0.000000
(3.500000,0.750000): 10.000000 10.000000 0.000000 0.000000
(3.750000,0.750000): 10.000000 10.000000 0.000000 0.000000
(4.000000,0.750000): 10.000000 10.000000 0.000000 0.000000
(0.000000,1.000000): 0.784000 3.600000 0.000000 0.000000
(0.250000,1.000000): 3.600000 3.600000 1.600000 -0.332953
(0.500000,1.000000): 3.600000 3.600000 0.000000 0.000000
(0.750000,1.000000): 3.070776 10.000000 0.000000 0.000000
(1.000000,1.000000): 3.296399 4.413666 0.000000 0.000000
(1.250000,1.000000): 4.416111 10.000000 0.000000 2.411328
(1.500000,1.000000): 3.600000 10.000000 0.000000 0.000000
(1.750000,1.000000): 10.000000 10.000000 0.000000 0.000000
(2.000000,1.000000): 10.000000 10.000000 0.000000 0.000000
(2.250000,1.000000): 10.000000 10.000000 0.000000 0.000000
(2.500000,1.000000): 10.000000 10.000000 0.000000 0.000000
(2.750000,1.000000): 10.000000 10.000000 0.000000 0.000000
(3.000000,1.000000): 10.000000 10.000000 0.000000 0.000000
(3.250000,1.000000): 10.000000 10.000000 0.000000 0.000000
(3.500000,1.000000): 10.000000 10.000000 0.000000 0.000000
(3.750000,1.000000): 10.000000 10.000000 0.000000 0.000000
(4.000000,1.000000): 10.000000 10.000000 0.000000 0.000000
(0.000000,1.250000): 3.600000 10.000000 0.000000 0.000000
(0.250000,1.250000): 10.000000 10.000000 0.000000 0.000000
(0.500000,1.250000): 10.000000 10.000000 0.000000 0.000000
(0.750000,1.250000): 10.000000 10.000000 0.000000 0.000000
(1.000000,1.250000): 4.416371 10.000000 0.000000 0.000000
(1.250000,1.250000): 4.419455 4.419455 0.000000 0.000000
(1.500000,1.250000): 10.000000 10.000000 2.416371 0.000000
(1.750000,1.250000): 10.000000 10.000000 0.000000 0.000000
(2.000000,1.250000): 10.000000 10.000000 0.000000 0.000000
(2.250000,1.250000): 10.000000 10.000000 0.000000 0.000000
(2.500000,1.250000): 10.000000 10.000000 0.000000 0.000000
(2.750000,1.250000): 10.000000 10.000000 0.000000 0.000000
(3.000000,1.250000): 10.000000 10.000000 0.000000 0.000000
(3.250000,1.250000): 10.000000 10.000000 0.000000 0.000000
(3.500000,1.250000): 10.000000 10.000000 0.000000 0.000000
(3.750000,1.250000): 10.000000 10.000000 0.000000 0.000000
(4.000000,1.250000): 10.000000 10.000000 0.000000 0.000000
(0.000000,1.500000): 10.000000 10.000000 0.000000 0.000000
(0.250000,1.500000): 10.000000 10.000000 0.000000 0.000000
(0.500000,1.500000): 10.000000 10.000000 0.000000 0.000000
(0.750000,1.500000): 10.000000 10.000000 0.000000 0.000000
(1.000000,1.500000): 10.000000 10.000000 0.000000 0.000000
(1.250000,1.500000): 10.000000 4.422907 0.000000 0.000000
(1.500000,1.500000): 10.000000 10.000000 0.000000 0.000000
(1.750000,1.500000): 10.000000 10.000000 0.000000 0.000000
(2.000000,1.500000): 10.000000 10.000000 0.000000 0.000000
(2.250000,1.500000): 10.000000 10.000000 0.000000 0.000000
(2.500000,1.500000): 10.000000 10.000000 0.000000 0.000000
(2.750000,1.500000): 10.000000 10.000000 0.000000 0.000000
(3.000000,1.500000): 10.000000 10.000000 0.000000 0.000000
(3.250000,1.500000): 10.000000 10.000000 0.000000 0.000000
(3.500000,1.500000): 10.000000 10.000000 0.000000 0.000000
(3.750000,1.500000): 10.000000 10.000000 0.000000 0.000000
(4.000000,1.500000): 10.000000 10.000000 0.000000 0.000000
(0.000000,1.750000): 10.000000 10.000000 0.000000 0.000000
(0.250000,1.750000): 10.000000 10.000000 0.000000 0.000000
(0.500000,1.750000): 10.000000 10.000000 0.000000 0.000000
(0.750000,1.750000): 10.000000 10.000000 0.000000 0.000000
(1.000000,1.750000): 4.422907 10.000000 0.000000 0.000000
(1.250000,1.750000): 4.427694 10.000000 2.418814 0.000000
(1.500000,1.750000): 3.600000 10.000000 0.000000 0.000000
(1.750000,1.750000): 10.000000 10.000000 0.000000 0.000000
(2.000000,1.750000): 10.000000 10.000000 0.000000 0.000000
(2.250000,1.750000): 10.000000 10.000000 0.000000 0.000000
(2.500000,1.750000): 10.000000 10.000000 0.000000 0.000000
(2.750000,1.750000): 10.000000 10.000000 0.000000 0.000000
(3.000000,1.750000): 10.000000 10.000000 0.000000 0.000000
(3.250000,1.750000): 10.000000 10.000000 0.000000 0.000000
(3.500000,1.750000): 10.000000 10.000000 0.000000 0.000000
(3.750000,1.750000): 10.000000 10.000000 0.000000 0.000000
(4.000000,1.750000): 10.000000 10.000000 0.000000 0.000000
(0.000000,2.000000): 10.000000 10.000000 0.000000 0.000000
(0.250000,2.000000): 10.000000 10.000000 0.000000 0.000000
(0.500000,2.000000): 10.000000 10.000000 0.000000 0.000000
(0.750000,2.000000): 10.000000 10.000000 0.000000 0.000000
(1.000000,2.000000): 10.000000 10.000000 0.000000 0.000000
(1.250000,2.000000): 10.000000 10.000000 0.000000 0.000000
(1.500000,2.000000): 10.000000 10.000000 0.000000 0.000000
(1.750000,2.000000): 10.000000 10.000000 0.000000 0.000000
(2.000000,2.000000): 10.000000 10.000000 0.000000 0.000000
(2.250000,2.000000): 10.000000 10.000000 0.000000 0.000000
(2.500000,2.000000): 10.000000 10.000000 0.000000 0.000000
(2.750000,2.000000): 10.000000 10.000000 0.000000 0.000000
(3.000000,2.000000): 10.000000 10.000000 0.000000 0.000000
(3.250000,2.000000): 10.000000 10.000000 0.000000 0.000000
(3.500000,2.000000): 10.000000 10.000000 0.000000 0.000000
(3.750000,2.000000): 10.000000 10.000000 0.000000 0.000000
(4.000000,2.000000): 10.000000 10.000000 0.000000 0.000000
(0.000000,2.250000): 10.000000 10.000000 0.000000 0.000000
(0.250000,2.250000): 10.000000 10.000000 0.000000 0.000000
(0.500000,2.250000): 10.000000 10.000000 0.000000 0.000000
(0.750000,2.250000): 10.000000 10.000000 0.000000 0.000000
(1.000000,2.250000): 10.000000 10.000000 0.000000 0.000000
(1.250000,2.250000): 10.000000 10.000000 0.000000 0.000000
(1.500000,2.250000): 10.000000 10.000000 0.000000 0.000000
(1.750000,2.250000): 10.000000 10.000000 0.000000 0.000000
(2.000000,2.250000): 10.000000 10.000000 0.000000 0.000000
(2.250000,2.250000): 10.000000 10.000000 0.000000 0.000000
(2.500000,2.250000): 10.000000 10.000000 0.000000 0.000000
(2.750000,2.250000): 10.000000 10.000000 0.000000 0.000000
(3.000000,2.250000): 10.000000 10.000000 0.000000 0.000000
(3.250000,2.250000): 10.000000 10.000000 0.000000 0.000000
(3.500000,2.250000): 10.000000 10.000000 0.000000 0.000000
(3.750000,2.250000): 10.000000 10.000000 0.000000 0.000000
(4.000000,2.250000): 10.000000 10.000000 0.000000 0.000000
(0.000000,2.500000): 10.000000 10.000000 0.000000 0.000000
(0.250000,2.500000): 10.000000 10.000000 0.000000 0.000000
(0.500000,2.500000): 10.000000 10.000000 0.000000 0.000000
(0.750000,2.500000): 10.000000 10.000000 0.000000 0.000000
(1.000000,2.500000): 10.000000 10.000000 0.000000 0.000000
(1.250000,2.500000): 10.000000 10.000000 0.000000 0.000000
(1.500000,2.500000): 10.000000 10.000000 0.000000 0.000000
(1.750000,2.500000): 10.000000 10.000000 0.000000 0.000000
(2.000000,2.500000): 10.000000 10.000000 0.000000 0.000000
(2.250000,2.500000): 10.000000 10.000000 0.000000 0.000000
(2.500000,2.500000): 10.000000 10.000000 0.000000 0.000000
(2.750000,2.500000): 10.000000 10.000000 0.000000 0.000000
(3.000000,2.500000): 10.000000 10.000000 0.000000 0.000000
(3.250000,2.500000): 10.000000 10.000000 0.000000 0.000000
(3.500000,2.500000): 10.000000 10.000000 0.000000 0.000000
(3.750000,2.500000): 10.000000 10.000000 0.000000 0.000000
(4.000000,2.500000): 10.000000 10.000000 0.000000 0.000000
(0.000000,2.750000): 10.000000 10.000000 0.000000 0.000000
(0.250000,2.750000): 10.000000 10.000000 0.000000 0.000000
(0.500000,2.750000): 10.000000 10.000000 0.000000 0.000000
(0.750000,2.750000): 10.000000 10.000000 0.000000 0.000000
(1.000000,2.750000): 10.000000 10.000000 0.000000 0.000000
(1.250000,2.750000): 10.000000 10.000000 0.000000 0.000000
(1.500000,2.750000): 10.000000 10.000000 0.000000 0.000000
(1.750000,2.750000): 10.000000 10.000000 0.000000 0.000000
(2.000000,2.750000): 10.000000 10.000000 0.000000 0.000000
(2.250000,2.750000): 10.000000 10.000000 0.000000 0.000000
(2.500000,2.750000): 10.000000 10.000000 0.000000 0.000000
(2.750000,2.750000): 10.000000 10.000000 0.000000 0.000000
(3.000000,2.750000): 10.000000 10.000000 0.000000 0.000000
(3.250000,2.750000): 10.000000 10.000000 0.000000 0.000000
(3.500000,2.750000): 10.000000 10.000000 0.000000 0.000000
(3.750000,2.750000): 10.000000 10.000000 0.000000 0.000000
(4.000000,2.750000): 10.000000 10.000000 0.000000 0.000000
(0.000000,3.000000): 10.000000 10.000000 0.000000 0.000000
(0.250000,3.000000): 10.000000 10.000000 0.000000 0.000000
(0.500000,3.000000): 10.000000 10.000000 0.000000 0.000000
(0.750000,3.000000): 10.000000 10.000000 0.000000 0.000000
(1.000000,3.000000): 10.000000 10.000000 0.000000 0.000000
(1.250000,3.000000): 10.000000 10.000000 0.000000 0.000000
(1.500000,3.000000): 10.000000 10.000000 0.000000 0.000000
(1.750000,3.000000): 10.000000 10.000000 0.000000 0.000000
(2.000000,3.000000): 10.000000 10.000000 0.000000 0.000000
(2.250000,3.000000): 10.000000 10.000000 0.000000 0.000000
(2.500000,3.000000): 10.000000 10.000000 0.000000 0.000000
(2.750000,3.000000): 10.000000 10.000000 0.000000 0.000000
(3.000000,3.000000): 10.000000 10.000000 0.000000 0.000000
(3.250000,3.000000): 10.000000 10.000000 0.000000 0.000000
(3.500000,3.000000): 10.000000 10.000000 0.000000 0.000000
(3.750000,3.000000): 10.000000 10.000000 0.000000 0.000000
(4.000000,3.000000): 10.000000 10.000000 0.000000 0.000000
(0.000000,3.250000): 10.000000 10.000000 0.000000 0.000000
(0.250000,3.250000): 10.000000 10.000000 0.000000 0.000000
(0.500000,3.250000): 10.000000 10.000000 0.000000 0.000000
(0.750000,3.250000): 10.000000 10.000000 0.000000 0.000000
(1.000000,3.250000): 10.000000 10.000000 0.000000 0.000000
(1.250000,3.250000): 10.000000 10.000000 0.000000 0.000000
(1.500000,3.250000): 10.000000 10.000000 0.000000 0.000000
(1.750000,3.250000): 10.000000 10.000000 0.000000 0.000000
(2.000000,3.250000): 10.000000 10.000000 0.000000 0.000000
(2.250000,3.250000): 10.000000 10.000000 0.000000 0.000000
(2.500000,3.250000): 10.000000 10.000000 0.000000 0.000000
(2.750000,3.250000): 10.000000 10.000000 0.000000 0.000000
(3.000000,3.250000): 10.000000 10.000000 0.000000 0.000000
(3.250000,3.250000): 10.000000 10.000000 0.000000 0.000000
(3.500000,3.250000): 10.000000 10.000000 0.000000 0.000000
(3.750000,3.250000): 10.000000 10.000000 0.000000 0.000000
(4.000000,3.250000): 10.000000 10.000000 0.000000 0.000000
(0.000000,3.500000): 10.000000 10.000000 0.000000 0.000000
(0.250000,3.500000): 10.000000 10.000000 0.000000 0.000000
(0.500000,3.500000): 10.000000 10.000000 0.000000 0.000000
(0.750000,3.500000): 10.000000 10.000000 0.000000 0.000000
(1.000000,3.500000): 10.000000 10.000000 0.000000 0.000000
(1.250000,3.500000): 10.000000 10.000000 0.000000 0.000000
(1.500000,3.500000): 10.000000 10.000000 0.000000 0.000000
(1.750000,3.500000): 10.000000 10.000000 0.000000 0.000000
(2.000000,3.500000): 10.000000 10.000000 0.000000 0.000000
(2.250000,3.500000): 10.000000 10.000000 0.000000 0.000000
(2.500000,3.500000): 10.000000 10.000000 0.000000 0.000000
(2.750000,3.500000): 10.000000 10.000000 0.000000 0.000000
(3.000000,3.500000): 10.000000 10.000000 0.000000 0.000000
(3.250000,3.500000): 10.000000 10.000000 0.000000 0.000000
(3.500000,3.500000): 10.000000 10.000000 0.000000 0.000000
(3.750000,3.500000): 10.000000 10.000000 0.000000 0.000000
(4.000000,3.500000): 10.000000 10.000000 0.000000 0.000000
(0.000000,3.750000): 10.000000 10.000000 0.000000 0.000000
(0.250000,3.750000): 10.000000 10.000000 0.000000 0.000000
(0.500000,3.750000): 10.000000 10.000000 0.000000 0.000000
(0.750000,3.750000): 10.000000 10.000000 0.000000 0.000000
(1.000000,3.750000): 10.000000 10.000000 0.000000 0.000000
(1.250000,3.750000): 10.000000 10.000000 0.000000 0.000000
(1.500000,3.750000): 10.000000 10.000000 0.000000 0.000000
(1.750000,3.750000): 10.000000 10.000000 0.000000 0.000000
(2.000000,3.750000): 10.000000 10.000000 0.000000 0.000000
(2.250000,3.750000): 10.000000 10.000000 0.000000 0.000000
(2.500000,3.750000): 10.000000 10.000000 0.000000 0.000000
(2.750000,3.750000): 10.000000 10.000000 0.000000 0.000000
(3.000000,3.750000): 10.000000 10.000000 0.000000 0.000000
(3.250000,3.750000): 10.000000 10.000000 0.000000 0.000000
(3.500000,3.750000): 10.000000 10.000000 0.000000 0.000000
(3.750000,3.750000): 10.000000 10.000000 0.000000 0.000000
(4.000000,3.750000): 10.000000 10.000000 0.000000 0.000000
(0.000000,4.000000): 10.000000 10.000000 0.000000 0.000000
(0.250000,4.000000): 10.000000 10.000000 0.000000 0.000000
(0.500000,4.000000): 10.000000 10.000000 0.000000 0.000000
(0.750000,4.000000): 10.000000 10.000000 0.000000 0.000000
(1.000000,4.000000): 10.000000 10.000000 0.000000 0.000000
(1.250000,4.000000): 10.000000 10.000000 0.000000 0.000000
(1.500000,4.000000): 10.000000 10.000000 0.000000 0.000000
(1.750000,4.000000): 10.000000 10.000000 0.000000 0.000000
(2.000000,4.000000): 10.000000 10.000000 0.000000 0.000000
(2.250000,4.000000): 10.000000 10.000000 0.000000 0.000000
(2.500000,4.000000): 10.000000 10.000000 0.000000 0.000000
(2.750000,4.000000): 10.000000 10.000000 0.000000 0.000000
(3.000000,4.000000): 10.000000 10.000000 0.000000 0.000000
(3.250000,4.000000): 10.000000 10.000000 0.000000 0.000000
(3.500000,4.000000): 10.000000 10.000000 0.000000 0.000000
(3.750000,4.000000): 10.000000 10.000000 0.000000 0.000000
(4.000000,4.000000): 10.000000 10.000000 0.000000 0.000000
